Relative L2 error0.07341662602199696
r2 socre0.4826737664138696
Exact[[23.59  ]
 [29.0747]
 [26.14  ]
 [27.8161]
 [30.3172]
 [26.5041]
 [25.4043]
 [29.11  ]
 [24.28  ]
 [27.7186]
 [31.0396]
 [28.8246]
 [25.66  ]
 [29.6   ]
 [25.4395]
 [27.759 ]
 [26.68  ]
 [25.7   ]
 [22.0351]
 [26.9236]
 [28.3551]]
Predict[[27.106182]
 [30.77319 ]
 [24.736526]
 [26.364422]
 [31.119427]
 [26.041317]
 [25.16322 ]
 [29.244411]
 [25.94581 ]
 [25.862324]
 [30.686062]
 [30.225235]
 [24.578793]
 [26.919666]
 [25.03593 ]
 [25.172504]
 [28.702755]
 [24.719135]
 [23.048168]
 [26.353619]
 [30.111141]]
std[6.089961  6.065555  6.5217037 6.3832483 6.31514   6.139243  5.7870135
 6.151703  6.7144427 5.94382   6.0017977 6.5526056 6.39607   6.6401258
 5.773804  6.18031   6.389706  6.7094398 6.091879  5.174406  5.1367407]
