Relative L2 error0.06945712410194421
r2 socre0.4431308977411984
Exact[[23.59  ]
 [29.0747]
 [26.14  ]
 [27.8161]
 [30.3172]
 [26.5041]
 [25.4043]
 [29.11  ]
 [24.28  ]
 [27.7186]
 [31.0396]
 [28.8246]
 [25.66  ]
 [29.6   ]
 [25.4395]
 [27.759 ]
 [26.68  ]
 [25.7   ]
 [22.0351]
 [26.9236]
 [28.3551]]
Predict[[26.345379]
 [31.126415]
 [26.171993]
 [25.634617]
 [30.367813]
 [26.823719]
 [25.57552 ]
 [28.283436]
 [25.695736]
 [25.275272]
 [30.433353]
 [30.467373]
 [26.54903 ]
 [26.177336]
 [25.599865]
 [24.477238]
 [27.9935  ]
 [25.72319 ]
 [23.41386 ]
 [26.204952]
 [29.567303]]
std[5.42792   4.7867665 5.352165  3.674402  5.49967   4.910092  4.175929
 5.394749  5.5335984 4.7333355 5.4660053 4.9453983 5.6178174 5.557976
 4.5298576 5.26173   5.398018  5.4968123 4.73542   4.3513603 4.842535 ]
