Relative L2 error0.07173168536931541
r2 socre0.2271260133360702
Exact[[23.59  ]
 [29.0747]
 [26.14  ]
 [27.8161]
 [30.3172]
 [26.5041]
 [25.4043]
 [29.11  ]
 [24.28  ]
 [27.7186]
 [31.0396]
 [28.8246]
 [25.66  ]
 [29.6   ]
 [25.4395]
 [27.759 ]
 [26.68  ]
 [25.7   ]
 [22.0351]
 [26.9236]
 [28.3551]]
Predict[[25.75364 ]
 [28.426392]
 [27.603577]
 [25.58406 ]
 [30.42215 ]
 [25.920471]
 [25.543991]
 [28.507935]
 [23.776222]
 [24.955399]
 [31.83313 ]
 [30.295456]
 [26.389114]
 [26.79216 ]
 [25.754898]
 [24.698471]
 [32.001144]
 [25.90245 ]
 [23.56488 ]
 [25.63379 ]
 [30.740173]]
std[1.2019207  0.6322001  0.91046965 0.333817   0.8341681  0.4368149
 0.3669908  0.950274   0.9363984  0.48055577 0.6074656  0.88342583
 0.754007   0.9676268  0.4102689  0.502908   0.92647636 0.75501895
 0.6387702  0.3358711  0.7909659 ]
