Relative L2 error0.07169939683398599
r2 socre0.22782164323556098
Exact[[23.59  ]
 [29.0747]
 [26.14  ]
 [27.8161]
 [30.3172]
 [26.5041]
 [25.4043]
 [29.11  ]
 [24.28  ]
 [27.7186]
 [31.0396]
 [28.8246]
 [25.66  ]
 [29.6   ]
 [25.4395]
 [27.759 ]
 [26.68  ]
 [25.7   ]
 [22.0351]
 [26.9236]
 [28.3551]]
Predict[[25.750198]
 [28.429108]
 [27.600204]
 [25.584244]
 [30.425491]
 [25.920074]
 [25.545364]
 [28.50438 ]
 [23.777794]
 [24.958954]
 [31.832123]
 [30.29715 ]
 [26.391846]
 [26.7939  ]
 [25.754517]
 [24.697464]
 [31.99733 ]
 [25.900696]
 [23.564178]
 [25.63321 ]
 [30.742523]]
std[1.2022651  0.6323441  0.9108412  0.3339591  0.83445215 0.4370309
 0.36712348 0.9505291  0.9369029  0.4807917  0.60766685 0.8836901
 0.75433445 0.96799064 0.41044545 0.503217   0.92668986 0.7554141
 0.63905025 0.33602238 0.79131544]
