Relative L2 error0.0709186267238815
r2 socre0.40789005618280993
Exact[[23.59  ]
 [29.0747]
 [26.14  ]
 [27.8161]
 [30.3172]
 [26.5041]
 [25.4043]
 [29.11  ]
 [24.28  ]
 [27.7186]
 [31.0396]
 [28.8246]
 [25.66  ]
 [29.6   ]
 [25.4395]
 [27.759 ]
 [26.68  ]
 [25.7   ]
 [22.0351]
 [26.9236]
 [28.3551]]
Predict[[25.412888]
 [31.616745]
 [25.244236]
 [26.499039]
 [30.494865]
 [26.9207  ]
 [26.015152]
 [29.767426]
 [24.941587]
 [25.471924]
 [29.9404  ]
 [30.426094]
 [26.172329]
 [24.905113]
 [25.417011]
 [25.017166]
 [27.014626]
 [26.104614]
 [24.36546 ]
 [26.377205]
 [29.949675]]
std[5.5548606 4.8162136 5.768621  4.432287  5.372953  4.1562824 4.8402143
 5.446006  5.8984556 4.626222  5.391479  5.4992175 5.8346305 5.5979705
 5.5638285 5.4412723 5.473426  5.7338185 4.5864086 4.509084  4.8449087]
