0	0.003931356	1	-3	-4	-1	2	2	-2	3	-4	2	-3	2	2	-3	-3	-1	0	0	0	0	0	0	0	0	0	0	0	0	0	0	0	0
1	0.003945989	-1	0	2	1	-1	-4	1	0	2	-3	4	-3	-3	-2	1	0	0	0	0	0	0	0	0	0	0	0	0	0	0	0	0	0
2	0.004122257	-2	-2	4	-1	-1	-3	2	1	0	2	-4	4	4	-4	1	-4	0	0	0	0	0	0	0	0	0	0	0	0	0	0	0	0
3	0.003996031	3	1	2	-2	1	-4	1	2	-4	0	-2	-2	-1	4	-3	-2	0	0	0	0	0	0	0	0	0	0	0	0	0	0	0	0
4	0.004020066	-1	-3	1	0	-1	3	2	-2	-3	2	4	-3	-1	0	-4	4	0	0	0	0	0	0	0	0	0	0	0	0	0	0	0	0
5	0.003958205	-1	-2	3	0	-1	2	3	-2	-4	2	-3	3	-1	2	2	0	0	0	0	0	0	0	0	0	0	0	0	0	0	0	0	0
6	0.003981474	1	-1	0	3	-3	3	-3	3	-3	3	0	3	4	-1	-3	0	0	0	0	0	0	0	0	0	0	0	0	0	0	0	0	0
7	0.003906295	-4	-3	-2	0	-2	-3	2	-2	2	-2	-1	-1	-1	-4	-2	4	0	0	0	0	0	0	0	0	0	0	0	0	0	0	0	0
8	0.003979076	3	-1	1	-1	3	1	-3	-3	1	2	2	-2	4	4	-4	4	0	0	0	0	0	0	0	0	0	0	0	0	0	0	0	0
9	0.003980118	4	-4	0	-4	-1	-2	4	-1	-3	1	1	-4	1	0	-2	0	0	0	0	0	0	0	0	0	0	0	0	0	0	0	0	0
10	0.004007085	4	-1	-3	2	4	-3	2	2	4	1	3	-1	-4	4	3	2	0	0	0	0	0	0	0	0	0	0	0	0	0	0	0	0
11	0.003971047	1	0	2	0	0	4	-4	-2	2	-2	0	0	-2	-4	1	-3	0	0	0	0	0	0	0	0	0	0	0	0	0	0	0	0
12	0.004000491	4	-1	-4	-1	3	-1	0	-3	-4	-4	-3	0	3	-4	2	3	0	0	0	0	0	0	0	0	0	0	0	0	0	0	0	0
13	0.003951403	2	-2	-3	-1	1	-4	2	-1	-3	0	-1	3	0	-2	-3	2	0	0	0	0	0	0	0	0	0	0	0	0	0	0	0	0
14	0.00394169	4	-2	2	-3	1	-1	-3	2	0	-2	-1	1	0	-3	-3	-2	0	0	0	0	0	0	0	0	0	0	0	0	0	0	0	0
15	0.00396339	1	-3	-4	-3	1	1	0	3	1	1	1	2	-3	3	-3	0	0	0	0	0	0	0	0	0	0	0	0	0	0	0	0	0
16	0.004060304	-1	4	2	2	3	0	3	4	-1	2	0	3	1	1	4	-4	0	0	0	0	0	0	0	0	0	0	0	0	0	0	0	0
17	0.00395723	1	-2	-3	-1	2	-2	1	3	-2	-2	-3	4	1	-3	3	3	0	0	0	0	0	0	0	0	0	0	0	0	0	0	0	0
18	0.00400149	2	-2	-4	-3	-4	-2	4	4	1	0	4	0	0	-4	-1	-4	0	0	0	0	0	0	0	0	0	0	0	0	0	0	0	0
19	0.003914348	1	3	-3	-3	-4	2	0	-2	0	3	-2	-3	2	3	2	3	0	0	0	0	0	0	0	0	0	0	0	0	0	0	0	0
20	0.003989803	-2	3	-2	-4	-2	-1	0	2	-2	3	-3	-2	1	-4	-1	-2	0	0	0	0	0	0	0	0	0	0	0	0	0	0	0	0
21	0.003947045	-1	-4	-1	-3	-4	-1	-2	1	-2	-1	-3	-1	-1	-4	0	4	0	0	0	0	0	0	0	0	0	0	0	0	0	0	0	0
22	0.004027361	3	1	-2	4	-3	-4	4	0	2	-4	0	4	2	-3	3	0	0	0	0	0	0	0	0	0	0	0	0	0	0	0	0	0
23	0.004077147	-2	4	-3	-3	0	-4	2	0	-4	-1	3	3	-1	-2	-4	4	0	0	0	0	0	0	0	0	0	0	0	0	0	0	0	0
24	0.003968119	0	-1	-4	4	-2	-4	-4	2	-2	3	-1	-3	2	-1	4	4	0	0	0	0	0	0	0	0	0	0	0	0	0	0	0	0
25	0.003951599	-2	-1	1	4	0	4	-4	3	-4	1	-3	-4	0	1	0	1	0	0	0	0	0	0	0	0	0	0	0	0	0	0	0	0
26	0.003951752	-1	2	-4	-1	3	2	2	0	3	-2	-1	4	3	0	-4	-1	0	0	0	0	0	0	0	0	0	0	0	0	0	0	0	0
27	0.004014642	4	0	3	-2	-2	2	1	-1	1	-3	0	2	-2	4	1	1	0	0	0	0	0	0	0	0	0	0	0	0	0	0	0	0
28	0.004114246	1	1	2	-4	2	1	-3	0	1	4	4	4	-4	4	-4	4	0	0	0	0	0	0	0	0	0	0	0	0	0	0	0	0
29	0.003974661	3	-4	1	3	0	-1	0	-3	-1	-4	4	2	-3	2	1	1	0	0	0	0	0	0	0	0	0	0	0	0	0	0	0	0
30	0.003910496	1	0	-2	1	-1	-3	-4	3	-4	-1	-1	1	-4	-2	4	4	0	0	0	0	0	0	0	0	0	0	0	0	0	0	0	0
31	0.004020101	-2	4	-4	-2	-3	3	0	0	3	1	3	-3	4	1	-3	4	0	0	0	0	0	0	0	0	0	0	0	0	0	0	0	0
32	0.004080902	-4	-2	1	0	-3	4	-2	4	2	-2	0	0	3	-1	-4	-2	0	0	0	0	0	0	0	0	0	0	0	0	0	0	0	0
33	0.003962942	-3	1	-3	-1	-2	-2	-2	-1	-1	-4	3	-1	-1	-4	2	-4	0	0	0	0	0	0	0	0	0	0	0	0	0	0	0	0
34	0.003985421	-3	-2	-4	1	-3	0	-2	0	-3	3	-4	2	0	3	3	-2	0	0	0	0	0	0	0	0	0	0	0	0	0	0	0	0
35	0.003914464	2	-3	3	3	-3	-4	-3	-1	2	1	4	4	3	-3	-2	-2	0	0	0	0	0	0	0	0	0	0	0	0	0	0	0	0
36	0.00398136	4	-4	2	3	2	4	4	-4	2	2	2	-3	4	-1	3	0	0	0	0	0	0	0	0	0	0	0	0	0	0	0	0	0
37	0.004024111	4	-1	4	-3	-2	1	2	-1	-4	1	0	2	4	4	0	-4	0	0	0	0	0	0	0	0	0	0	0	0	0	0	0	0
38	0.004039836	1	4	2	0	2	2	-3	2	4	0	2	-4	-2	-1	-3	1	0	0	0	0	0	0	0	0	0	0	0	0	0	0	0	0
39	0.003940659	0	-2	-2	-3	4	0	1	2	4	-4	1	-3	2	2	2	3	0	0	0	0	0	0	0	0	0	0	0	0	0	0	0	0
40	0.003957926	0	1	-2	-1	-2	2	-3	3	2	1	-2	1	-4	2	2	-1	0	0	0	0	0	0	0	0	0	0	0	0	0	0	0	0
41	0.004032496	-3	-2	-3	-4	4	-2	-2	-1	2	3	1	2	3	-4	3	-4	0	0	0	0	0	0	0	0	0	0	0	0	0	0	0	0
42	0.003956746	-4	1	4	0	-2	2	2	-1	0	0	0	-2	1	2	-1	-1	0	0	0	0	0	0	0	0	0	0	0	0	0	0	0	0
43	0.00394217	0	1	2	1	-2	1	-4	-1	-3	4	4	3	1	1	-3	-3	0	0	0	0	0	0	0	0	0	0	0	0	0	0	0	0
44	0.004024756	-4	0	0	-4	-3	2	-4	0	2	-1	-2	-4	4	2	-1	-3	0	0	0	0	0	0	0	0	0	0	0	0	0	0	0	0
45	0.003947808	1	2	-3	4	-1	4	2	0	4	2	1	1	-1	4	-3	0	0	0	0	0	0	0	0	0	0	0	0	0	0	0	0	0
46	0.003945884	-3	4	1	-4	-3	-3	3	3	-1	4	3	3	-2	-4	-1	-2	0	0	0	0	0	0	0	0	0	0	0	0	0	0	0	0
47	0.004047418	-3	-1	2	0	3	-3	3	-3	-4	3	2	3	1	-2	-4	0	0	0	0	0	0	0	0	0	0	0	0	0	0	0	0	0
48	0.00392374	-3	-3	-3	1	-4	4	4	3	-1	-4	-1	3	-2	-2	-4	2	0	0	0	0	0	0	0	0	0	0	0	0	0	0	0	0
49	0.003947693	-1	3	2	-1	3	-4	2	4	1	-3	-4	-2	3	4	-2	-3	0	0	0	0	0	0	0	0	0	0	0	0	0	0	0	0
51	0.004156286	-1	0	2	1	-1	-4	2	1	0	2	-4	4	4	-4	1	-4	0	0	0	0	0	0	0	0	0	0	0	0	0	0	0	0
52	0.003988584	-2	-2	4	-2	1	-4	1	2	-4	0	-2	-2	-1	4	-3	-1	0	0	0	0	0	0	0	0	0	0	0	0	0	0	0	0
54	0.003912812	-1	-3	-2	0	-1	3	2	-2	-3	2	4	-3	-1	0	2	0	0	0	0	0	0	0	0	0	0	0	0	0	0	0	0	0
55	0.003937125	-1	-2	3	0	-1	2	3	-2	-4	2	1	3	-1	2	-3	0	0	0	0	0	0	0	0	0	0	0	0	0	0	0	0	0
56	0.003983677	1	-1	0	3	-3	3	-3	3	-3	3	1	3	4	-1	-2	4	0	0	0	0	0	0	0	0	0	0	0	0	0	0	0	0
57	0.003975245	-4	-3	-2	-1	3	1	-3	-3	1	-2	2	-2	4	4	-4	4	0	0	0	0	0	0	0	0	0	0	0	0	0	0	0	0
58	0.003913686	3	-1	1	-1	3	1	-3	-3	1	2	2	-2	1	0	-2	0	0	0	0	0	0	0	0	0	0	0	0	0	0	0	0	0
59	0.004193931	4	-4	0	-4	-1	-2	-2	2	4	1	3	-1	-4	4	3	2	0	0	0	0	0	0	0	0	0	0	0	0	0	0	0	0
60	0.003915306	4	-1	-3	2	4	-3	2	2	4	1	3	0	-2	-4	1	-3	0	0	0	0	0	0	0	0	0	0	0	0	0	0	0	0
61	0.00398317	1	0	2	0	0	4	-4	-2	2	-2	0	0	3	-4	2	3	0	0	0	0	0	0	0	0	0	0	0	0	0	0	0	0
62	0.003956437	4	-1	-4	-1	3	-1	0	-3	-4	-4	-1	3	0	-2	-3	0	0	0	0	0	0	0	0	0	0	0	0	0	0	0	0	0
64	0.004143711	4	-2	2	-3	1	-1	-3	2	0	-2	2	1	-3	3	-3	0	0	0	0	0	0	0	0	0	0	0	0	0	0	0	0	0
65	0.003983572	1	-3	-4	-3	1	1	0	3	1	1	1	3	1	1	4	-4	0	0	0	0	0	0	0	0	0	0	0	0	0	0	0	0
66	0.004062469	-1	4	-3	-1	2	-2	1	3	-2	-2	-3	4	1	-3	3	3	0	0	0	0	0	0	0	0	0	0	0	0	0	0	0	0
67	0.003914881	1	-2	-3	-1	2	-2	1	3	1	0	1	0	0	-4	-1	-4	0	0	0	0	0	0	0	0	0	0	0	0	0	0	0	0
68	0.003985283	2	-2	-4	-3	-4	-2	4	4	1	3	-2	-2	2	3	2	3	0	0	0	0	0	0	0	0	0	0	0	0	0	0	0	0
70	0.003943358	-2	3	-2	-4	-2	-1	-2	1	-2	-1	-3	-1	-1	-4	0	4	0	0	0	0	0	0	0	0	0	0	0	0	0	0	0	0
71	0.003920729	-1	-4	-1	-3	-4	-1	-2	0	2	-4	0	4	2	-3	3	0	0	0	0	0	0	0	0	0	0	0	0	0	0	0	0	0
72	0.004001152	3	1	-2	4	-3	-4	4	0	2	-4	0	4	2	-3	3	4	0	0	0	0	0	0	0	0	0	0	0	0	0	0	0	0
73	0.00408135	-2	4	-3	-3	0	-4	2	0	-4	-1	3	3	-1	-2	4	4	0	0	0	0	0	0	0	0	0	0	0	0	0	0	0	0
74	0.003931055	0	-1	-4	4	-2	-4	-4	2	-4	1	-3	-4	0	1	0	1	0	0	0	0	0	0	0	0	0	0	0	0	0	0	0	0
75	0.003963063	-2	2	-4	-1	3	2	2	0	3	-2	-1	4	3	0	-4	-1	0	0	0	0	0	0	0	0	0	0	0	0	0	0	0	0
77	0.004159863	4	0	3	-2	-2	2	1	-1	1	-3	4	4	-4	4	-4	-2	0	0	0	0	0	0	0	0	0	0	0	0	0	0	0	0
78	0.003962121	1	1	2	-4	0	-1	0	-3	-1	-4	4	2	-3	2	1	1	0	0	0	0	0	0	0	0	0	0	0	0	0	0	0	0
79	0.003966847	3	-4	1	3	0	-3	-4	3	-4	-1	-1	1	-4	-2	4	4	0	0	0	0	0	0	0	0	0	0	0	0	0	0	0	0
80	0.00389772	1	0	-2	-2	-1	-3	-4	3	-4	-1	-1	1	4	1	-3	4	0	0	0	0	0	0	0	0	0	0	0	0	0	0	0	0
81	0.004012229	-2	4	-4	2	-3	3	0	0	3	1	3	-3	3	-1	-4	-2	0	0	0	0	0	0	0	0	0	0	0	0	0	0	0	0
82	0.003993517	-4	-2	1	0	-3	1	-2	4	-1	-4	3	-1	-1	-4	2	-4	0	0	0	0	0	0	0	0	0	0	0	0	0	0	0	0
83	0.003955648	-3	1	-3	-1	-3	0	-2	0	-3	3	-4	2	0	3	3	-2	0	0	0	0	0	0	0	0	0	0	0	0	0	0	0	0
84	0.003970891	-3	-2	-4	3	-3	-4	-3	-1	2	1	4	4	3	-3	-2	-2	0	0	0	0	0	0	0	0	0	0	0	0	0	0	0	0
86	0.004066707	4	-4	4	-3	-2	1	2	-1	-4	1	0	2	4	4	0	-4	0	0	0	0	0	0	0	0	0	0	0	0	0	0	0	0
87	0.003972041	4	-1	4	-3	-2	1	2	-1	-4	1	0	2	4	-1	-3	1	0	0	0	0	0	0	0	0	0	0	0	0	0	0	0	0
88	0.003985042	1	4	2	0	2	2	-3	2	4	0	2	-4	-2	-1	2	3	0	0	0	0	0	0	0	0	0	0	0	0	0	0	0	0
89	0.003983332	0	1	-2	-1	-2	2	-3	3	2	1	2	1	-4	2	2	-1	0	0	0	0	0	0	0	0	0	0	0	0	0	0	0	0
90	0.004000721	0	1	-2	-1	-2	2	-3	3	2	1	-2	1	3	-4	3	-4	0	0	0	0	0	0	0	0	0	0	0	0	0	0	0	0
91	0.003901583	-3	-2	-3	-4	4	-2	-2	-1	2	0	0	-2	1	2	-1	-1	0	0	0	0	0	0	0	0	0	0	0	0	0	0	0	0
92	0.004015725	-4	1	4	0	-2	1	-4	-1	-3	4	4	3	1	1	-3	-3	0	0	0	0	0	0	0	0	0	0	0	0	0	0	0	0
93	0.00392747	0	1	2	1	-2	1	-4	-1	-3	4	4	3	1	2	-1	-3	0	0	0	0	0	0	0	0	0	0	0	0	0	0	0	0
94	0.003957992	-4	0	-3	4	-1	4	2	0	4	2	1	1	-1	4	-3	0	0	0	0	0	0	0	0	0	0	0	0	0	0	0	0	0
95	0.003933714	1	2	-3	4	-1	4	2	0	4	2	1	1	-1	-4	-1	-2	0	0	0	0	0	0	0	0	0	0	0	0	0	0	0	0
96	0.003991969	-3	4	1	-4	-3	-3	3	-3	-4	3	2	3	0	-2	-4	0	0	0	0	0	0	0	0	0	0	0	0	0	0	0	0	0
97	0.003888227	-3	-1	2	0	3	-3	3	3	-1	-4	-1	3	-2	-2	-4	2	0	0	0	0	0	0	0	0	0	0	0	0	0	0	0	0
98	0.004001915	-3	-3	-3	1	-4	4	4	3	-1	-4	-1	-2	3	4	-2	-3	0	0	0	0	0	0	0	0	0	0	0	0	0	0	0	0
99	0.003906673	-1	3	2	-1	3	-4	2	4	1	-3	-4	3	-2	-2	-4	2	0	0	0	0	0	0	0	0	0	0	0	0	0	0	0	0
101	0.004127762	-1	0	4	-1	-1	-3	2	1	0	2	-4	4	4	-4	1	-4	0	0	0	0	0	0	0	0	0	0	0	0	0	0	0	0
102	0.003978794	-2	-2	1	-1	-1	-3	1	2	-4	0	-2	-2	-1	4	-3	-2	0	0	0	0	0	0	0	0	0	0	0	0	0	0	0	0
103	0.004027726	3	1	2	-2	1	-4	1	2	-4	0	-2	-2	-1	4	-4	4	0	0	0	0	0	0	0	0	0	0	0	0	0	0	0	0
104	0.003902026	-1	-3	1	0	-1	3	2	-2	-3	2	4	-3	-1	1	2	0	0	0	0	0	0	0	0	0	0	0	0	0	0	0	0	0
105	0.00396149	-1	0	3	0	-1	2	3	3	-3	3	0	3	4	-1	-3	0	0	0	0	0	0	0	0	0	0	0	0	0	0	0	0	0
106	0.004003465	1	-1	0	3	-3	3	-3	3	-3	3	0	-1	-1	-4	-2	4	0	0	0	0	0	0	0	0	0	0	0	0	0	0	0	0
108	0.003930815	3	-1	1	-1	3	1	-3	-3	1	2	2	-2	4	4	-2	0	0	0	0	0	0	0	0	0	0	0	0	0	0	0	0	0
109	0.00395192	4	-4	0	-4	-1	-2	4	-1	-3	1	1	-4	1	0	3	2	0	0	0	0	0	0	0	0	0	0	0	0	0	0	0	0
110	0.00394069	4	-1	-3	2	4	-3	2	2	4	1	0	0	-2	-4	1	-3	0	0	0	0	0	0	0	0	0	0	0	0	0	0	0	0
111	0.003937557	1	0	2	-1	3	-1	0	-3	-4	-4	-3	0	3	-4	2	3	0	0	0	0	0	0	0	0	0	0	0	0	0	0	0	0
112	0.003932423	4	-1	-4	-1	3	-1	0	-1	-3	0	1	3	0	-2	-3	2	0	0	0	0	0	0	0	0	0	0	0	0	0	0	0	0
114	0.00409376	4	-2	2	-3	1	-1	-3	2	0	-2	1	2	-3	3	0	0	0	0	0	0	0	0	0	0	0	0	0	0	0	0	0	0
116	0.004063127	-1	4	2	2	3	0	3	1	-1	-2	-3	4	1	-3	3	3	0	0	0	0	0	0	0	0	0	0	0	0	0	0	0	0
117	0.004010878	1	-2	-3	-1	2	-2	1	3	-2	-2	-3	4	0	-4	-1	-4	0	0	0	0	0	0	0	0	0	0	0	0	0	0	0	0
118	0.004006507	2	1	-4	-3	-4	-2	4	4	1	0	4	0	0	-4	-1	-4	0	0	0	0	0	0	0	0	0	0	0	0	0	0	0	0
119	0.003966886	1	3	-2	-4	-2	-1	0	2	-2	3	-3	-2	-1	-4	-1	-2	0	0	0	0	0	0	0	0	0	0	0	0	0	0	0	0
120	0.003960623	-2	3	-2	-3	-4	-1	-2	1	-2	-1	-3	-1	-1	-4	0	4	0	0	0	0	0	0	0	0	0	0	0	0	0	0	0	0
121	0.004042475	-1	1	-2	4	-3	-4	4	0	2	-4	0	4	2	-3	3	0	0	0	0	0	0	0	0	0	0	0	0	0	0	0	0	0
122	0.004020211	3	1	-2	-3	0	-4	2	0	-4	-1	3	3	-1	-2	-4	4	0	0	0	0	0	0	0	0	0	0	0	0	0	0	0	0
123	0.004010189	-2	4	-3	4	-2	-4	-4	2	-2	3	-1	-3	2	-1	4	4	0	0	0	0	0	0	0	0	0	0	0	0	0	0	0	0
124	0.003964165	0	-1	-4	4	0	4	-4	3	-4	1	-3	-4	0	1	0	1	0	0	0	0	0	0	0	0	0	0	0	0	0	0	0	0
125	0.003978953	-1	2	-4	1	3	2	2	0	3	-2	-1	4	3	0	-4	-1	0	0	0	0	0	0	0	0	0	0	0	0	0	0	0	0
126	0.003937793	-1	2	1	-1	3	2	2	0	3	-2	0	2	-2	4	1	1	0	0	0	0	0	0	0	0	0	0	0	0	0	0	0	0
127	0.004160981	4	0	3	-2	-2	2	-2	0	1	4	4	4	-4	4	-4	4	0	0	0	0	0	0	0	0	0	0	0	0	0	0	0	0
128	0.004065812	1	1	2	-4	2	1	-3	0	-1	-4	4	2	-3	2	1	1	0	0	0	0	0	0	0	0	0	0	0	0	0	0	0	0
129	0.00396623	3	-4	1	3	0	-1	0	-3	-1	-4	4	2	-4	-2	4	4	0	0	0	0	0	0	0	0	0	0	0	0	0	0	0	0
130	0.003980038	1	0	-2	1	-1	-3	-4	3	3	1	3	-3	4	1	-3	4	0	0	0	0	0	0	0	0	0	0	0	0	0	0	0	0
131	0.003979755	-2	4	-4	-2	-3	3	0	0	3	1	3	-2	3	-1	-4	-2	0	0	0	0	0	0	0	0	0	0	0	0	0	0	0	0
132	0.003985806	-4	-2	1	0	-3	4	-2	-1	-1	-4	3	-1	-1	-4	2	-4	0	0	0	0	0	0	0	0	0	0	0	0	0	0	0	0
134	0.003936466	0	-2	-4	1	-3	0	-2	-1	2	1	4	4	3	-3	-2	-2	0	0	0	0	0	0	0	0	0	0	0	0	0	0	0	0
135	0.003939388	2	-4	2	3	2	4	4	-4	2	0	2	-3	4	-1	3	0	0	0	0	0	0	0	0	0	0	0	0	0	0	0	0	0
137	0.004174568	4	-1	4	-3	-2	1	2	2	4	0	2	-4	-2	-1	-3	1	0	0	0	0	0	0	0	0	0	0	0	0	0	0	0	0
138	0.003981229	1	4	2	0	2	2	1	2	4	-4	1	-3	2	2	2	3	0	0	0	0	0	0	0	0	0	0	0	0	0	0	0	0
139	0.003967218	0	-2	-2	-3	4	0	1	2	4	-4	1	1	-4	2	2	-1	0	0	0	0	0	0	0	0	0	0	0	0	0	0	0	0
143	0.003934211	0	1	2	1	-2	1	-4	0	2	-1	-2	-4	4	2	-1	-3	0	0	0	0	0	0	0	0	0	0	0	0	0	0	0	0
144	0.003995939	-4	0	0	-4	-3	2	-4	0	2	-1	-2	1	-1	4	-3	0	0	0	0	0	0	0	0	0	0	0	0	0	0	0	0	0
145	0.003971789	1	2	-3	-4	-3	-3	3	3	-1	4	3	3	-2	-4	-1	-2	0	0	0	0	0	0	0	0	0	0	0	0	0	0	0	0
146	0.004143831	-3	4	1	0	3	-3	3	-3	-4	3	2	3	1	-2	-4	0	0	0	0	0	0	0	0	0	0	0	0	0	0	0	0	0
147	0.004048759	-3	-1	2	0	3	-3	3	-3	-4	3	2	3	1	-2	-4	2	0	0	0	0	0	0	0	0	0	0	0	0	0	0	0	0
148	0.003971405	-3	3	2	-1	3	-4	2	4	1	-3	-4	-2	3	4	-2	-1	0	0	0	0	0	0	0	0	0	0	0	0	0	0	0	0
149	0.003942823	-1	-3	-3	1	-4	4	4	3	-1	-4	-1	3	-2	-2	-4	2	0	0	0	0	0	0	0	0	0	0	0	0	0	0	0	0
151	0.004053188	-1	0	2	1	-1	-4	1	0	2	-3	-4	4	4	-4	1	-4	0	0	0	0	0	0	0	0	0	0	0	0	0	0	0	0
152	0.003986214	-2	-2	2	-2	1	-4	1	2	-4	0	-2	1	-1	4	-3	-2	0	0	0	0	0	0	0	0	0	0	0	0	0	0	0	0
153	0.004082119	3	1	2	-2	-1	3	2	2	-3	2	4	-3	-1	0	-4	4	0	0	0	0	0	0	0	0	0	0	0	0	0	0	0	0
154	0.003968166	-1	-2	3	0	0	2	3	-2	-4	2	-3	3	-1	2	2	0	0	0	0	0	0	0	0	0	0	0	0	0	0	0	0	0
156	0.004020372	1	-1	0	3	-3	3	-3	3	-3	3	0	3	4	-4	-2	4	0	0	0	0	0	0	0	0	0	0	0	0	0	0	0	0
157	0.003955605	-4	-3	-2	-1	3	1	-3	-3	1	2	2	-2	4	4	-4	4	0	0	0	0	0	0	0	0	0	0	0	0	0	0	0	0
158	0.003912904	3	-1	0	-4	-1	-2	4	-1	-3	1	1	-4	1	0	-2	0	0	0	0	0	0	0	0	0	0	0	0	0	0	0	0	0
159	0.003984863	4	-4	0	-4	-1	-2	4	-1	-1	1	1	-4	1	4	3	2	0	0	0	0	0	0	0	0	0	0	0	0	0	0	0	0
160	0.003936675	4	-1	-3	2	4	-3	-4	-2	2	-2	0	0	-2	-4	1	-3	0	0	0	0	0	0	0	0	0	0	0	0	0	0	0	0
161	0.003966766	1	0	2	0	0	4	-4	-2	2	-2	-3	0	3	-4	2	3	0	0	0	0	0	0	0	0	0	0	0	0	0	0	0	0
162	0.003971517	4	-1	-4	-1	3	-1	0	-3	-4	-4	-3	0	3	-2	-3	2	0	0	0	0	0	0	0	0	0	0	0	0	0	0	0	0
163	0.004003561	2	-2	-3	2	1	-4	2	-1	-3	0	-1	3	0	-2	-3	-2	0	0	0	0	0	0	0	0	0	0	0	0	0	0	0	0
164	0.004051889	4	-2	2	-3	1	-1	0	3	1	1	1	2	-3	3	-3	0	0	0	0	0	0	0	0	0	0	0	0	0	0	0	0	0
165	0.00397326	1	-3	-1	-3	3	0	3	4	-1	2	0	3	1	1	4	-4	0	0	0	0	0	0	0	0	0	0	0	0	0	0	0	0
166	0.004026221	-1	4	2	2	3	0	3	3	-2	-2	-3	4	1	-3	3	3	0	0	0	0	0	0	0	0	0	0	0	0	0	0	0	0
167	0.003983174	1	-2	-3	-1	2	-2	1	3	0	-2	-3	4	0	-4	-1	-4	0	0	0	0	0	0	0	0	0	0	0	0	0	0	0	0
168	0.003992564	2	-2	-4	-3	-4	-2	4	4	1	0	4	0	2	3	2	3	0	0	0	0	0	0	0	0	0	0	0	0	0	0	0	0
169	0.003997216	1	3	-3	-3	-4	2	0	2	-2	3	-3	-2	1	-4	-1	-2	0	0	0	0	0	0	0	0	0	0	0	0	0	0	0	0
170	0.004024323	-2	3	-2	-4	-2	-1	0	2	-2	3	-3	-2	1	-4	-1	4	0	0	0	0	0	0	0	0	0	0	0	0	0	0	0	0
171	0.003947617	-1	-4	-1	-2	-4	-1	-2	1	-2	-1	-3	-1	-1	-4	0	4	0	0	0	0	0	0	0	0	0	0	0	0	0	0	0	0
172	0.003960119	3	1	-2	4	-3	-4	4	0	2	-1	3	3	-1	-2	-4	4	0	0	0	0	0	0	0	0	0	0	0	0	0	0	0	0
173	0.004031865	-2	4	-3	-3	0	-4	2	0	-4	-1	3	-3	2	-1	4	4	0	0	0	0	0	0	0	0	0	0	0	0	0	0	0	0
174	0.003920125	0	-1	-4	4	-2	-4	-4	2	-2	3	-1	-1	0	1	0	1	0	0	0	0	0	0	0	0	0	0	0	0	0	0	0	0
175	0.003980348	-2	-1	1	4	0	4	2	0	1	-2	-1	4	3	0	-4	-1	0	0	0	0	0	0	0	0	0	0	0	0	0	0	0	0
176	0.003960887	-1	2	-4	-1	3	2	2	0	3	-2	-1	4	3	0	-4	1	0	0	0	0	0	0	0	0	0	0	0	0	0	0	0	0
177	0.004111891	4	0	3	-2	-2	2	1	-1	1	4	4	4	-4	4	-4	4	0	0	0	0	0	0	0	0	0	0	0	0	0	0	0	0
178	0.003967628	1	-4	1	3	0	-1	0	-3	-1	-4	4	2	-3	2	1	1	0	0	0	0	0	0	0	0	0	0	0	0	0	0	0	0
179	0.003927029	3	-4	1	3	0	-1	0	3	-4	-1	-1	1	-4	-2	4	4	0	0	0	0	0	0	0	0	0	0	0	0	0	0	0	0
181	0.00398563	-2	4	-4	-2	-3	3	0	0	2	-2	0	0	3	-1	-4	-2	0	0	0	0	0	0	0	0	0	0	0	0	0	0	0	0
182	0.004007989	-4	-2	1	0	0	4	-2	4	2	-4	3	-1	-1	-4	2	-4	0	0	0	0	0	0	0	0	0	0	0	0	0	0	0	0
183	0.003939491	-3	1	-3	-2	-2	-2	-2	-1	-1	-4	-4	2	0	3	3	-2	0	0	0	0	0	0	0	0	0	0	0	0	0	0	0	0
184	0.003923388	-3	-2	-1	1	-3	-4	-3	-1	2	1	4	4	3	-3	-2	-2	0	0	0	0	0	0	0	0	0	0	0	0	0	0	0	0
185	0.003959795	2	-3	3	3	-3	4	4	-1	2	2	2	-3	4	-1	3	0	0	0	0	0	0	0	0	0	0	0	0	0	0	0	0	0
186	0.003970529	4	-4	2	3	2	4	4	-4	2	2	2	-3	4	1	3	0	0	0	0	0	0	0	0	0	0	0	0	0	0	0	0	0
187	0.003986446	2	-1	4	-3	-2	1	2	-1	-4	1	0	2	4	4	-3	1	0	0	0	0	0	0	0	0	0	0	0	0	0	0	0	0
191	0.003997504	-3	-2	4	0	-2	2	2	2	0	0	0	-2	1	2	-1	-1	0	0	0	0	0	0	0	0	0	0	0	0	0	0	0	0
192	0.003929617	-4	1	4	0	-2	2	2	-1	0	0	0	-2	1	2	-3	-3	0	0	0	0	0	0	0	0	0	0	0	0	0	0	0	0
193	0.003992198	-4	0	0	-4	-3	2	-4	0	2	-1	-2	-1	4	2	-1	-3	0	0	0	0	0	0	0	0	0	0	0	0	0	0	0	0
194	0.003966783	-4	0	0	-4	-3	2	-4	0	2	2	1	1	-1	4	-3	0	0	0	0	0	0	0	0	0	0	0	0	0	0	0	0	0
195	0.003959938	1	2	-3	4	-1	4	2	0	4	2	-2	3	-2	-4	-1	-2	0	0	0	0	0	0	0	0	0	0	0	0	0	0	0	0
196	0.003974503	-3	4	1	-4	-3	-3	3	3	-1	4	2	3	1	-2	-4	0	0	0	0	0	0	0	0	0	0	0	0	0	0	0	0	0
198	0.003977662	-3	3	2	-1	3	-4	2	4	1	-3	2	-2	3	4	-2	-3	0	0	0	0	0	0	0	0	0	0	0	0	0	0	0	0
202	0.004013549	-2	-2	4	-2	1	-4	1	2	-4	0	-2	-2	-1	4	-3	-2	0	0	0	0	0	0	0	0	0	0	0	0	0	0	0	0
204	0.003903533	-1	-3	1	0	-1	3	2	-2	-3	2	4	-3	-1	0	2	0	0	0	0	0	0	0	0	0	0	0	0	0	0	0	0	0
205	0.003975429	-1	-2	3	0	-1	2	3	-2	-3	3	0	3	4	-1	-3	0	0	0	0	0	0	0	0	0	0	0	0	0	0	0	0	0
206	0.003962329	1	-1	0	3	-3	3	-3	3	-3	-2	-1	1	-1	-4	-2	4	0	0	0	0	0	0	0	0	0	0	0	0	0	0	0	0
207	0.003964515	-4	-3	-2	0	-2	-3	2	-3	1	2	2	-2	4	4	-4	4	0	0	0	0	0	0	0	0	0	0	0	0	0	0	0	0
209	0.004032505	4	-4	0	-4	-1	-2	4	-1	-3	1	3	-1	-4	4	3	2	0	0	0	0	0	0	0	0	0	0	0	0	0	0	0	0
210	0.003919086	4	-1	-3	2	4	-3	2	1	4	1	3	-1	-2	-4	1	-3	0	0	0	0	0	0	0	0	0	0	0	0	0	0	0	0
213	0.003952765	2	-2	-3	-1	1	-4	2	-1	-3	-2	-1	1	0	1	-3	-2	0	0	0	0	0	0	0	0	0	0	0	0	0	0	0	0
214	0.003968659	4	-2	2	-3	1	-1	-3	2	0	-2	-1	1	0	-3	-3	0	0	0	0	0	0	0	0	0	0	0	0	0	0	0	0	0
215	0.003968253	1	-3	-4	-3	1	1	3	2	-1	2	0	3	1	1	4	-4	0	0	0	0	0	0	0	0	0	0	0	0	0	0	0	0
216	0.00405364	-1	4	2	2	3	0	3	4	-1	2	-3	4	1	-3	3	3	0	0	0	0	0	0	0	0	0	0	0	0	0	0	0	0
218	0.003995973	2	-2	-4	-3	-4	-2	4	4	1	0	-2	-3	2	3	2	3	0	0	0	0	0	0	0	0	0	0	0	0	0	0	0	0
219	0.00396563	1	3	-3	-3	-4	2	0	-2	0	3	-2	-3	1	-4	-1	-2	0	0	0	0	0	0	0	0	0	0	0	0	0	0	0	0
221	0.003921676	-1	-4	-1	-3	-3	-4	4	0	2	-4	0	4	2	-3	3	0	0	0	0	0	0	0	0	0	0	0	0	0	0	0	0	0
222	0.004078603	3	4	-3	-3	0	-4	2	0	-4	-1	3	3	-1	-2	-4	4	0	0	0	0	0	0	0	0	0	0	0	0	0	0	0	0
224	0.003917227	0	-1	-4	4	-2	-4	-4	2	-2	3	-1	-3	0	1	0	1	0	0	0	0	0	0	0	0	0	0	0	0	0	0	0	0
225	0.003963646	-2	-1	1	4	0	4	-4	3	-4	1	-3	-4	0	1	-4	-1	0	0	0	0	0	0	0	0	0	0	0	0	0	0	0	0
226	0.003921593	-1	2	-4	-1	3	2	2	0	3	-2	-1	4	3	4	1	1	0	0	0	0	0	0	0	0	0	0	0	0	0	0	0	0
227	0.004144105	4	0	3	-2	-2	1	-3	0	1	4	4	4	-4	4	-4	4	0	0	0	0	0	0	0	0	0	0	0	0	0	0	0	0
228	0.003992782	1	1	2	-4	2	1	-3	0	1	4	4	2	-3	2	1	1	0	0	0	0	0	0	0	0	0	0	0	0	0	0	0	0
229	0.003956134	3	-4	1	3	0	-1	0	-3	-4	-1	-1	1	-4	-2	4	4	0	0	0	0	0	0	0	0	0	0	0	0	0	0	0	0
230	0.004004123	1	0	-2	1	-1	3	0	0	3	1	3	-3	4	1	-3	4	0	0	0	0	0	0	0	0	0	0	0	0	0	0	0	0
232	0.003908298	-4	-2	1	0	-3	-2	-2	-1	-1	-4	3	-1	-1	-4	2	-4	0	0	0	0	0	0	0	0	0	0	0	0	0	0	0	0
233	0.003924044	-3	1	-3	-1	-2	-2	-2	-1	-1	-4	3	2	0	3	3	-2	0	0	0	0	0	0	0	0	0	0	0	0	0	0	0	0
234	0.003898537	2	-3	3	3	-3	-4	-3	-1	2	1	4	4	3	-3	-2	1	0	0	0	0	0	0	0	0	0	0	0	0	0	0	0	0
235	0.003948674	2	-4	2	3	2	4	4	-4	2	2	2	-3	4	-1	3	0	0	0	0	0	0	0	0	0	0	0	0	0	0	0	0	0
236	0.004011848	4	-4	2	3	2	4	4	-4	2	1	0	2	4	4	0	-4	0	0	0	0	0	0	0	0	0	0	0	0	0	0	0	0
238	0.003966477	1	-2	-2	-3	4	0	1	2	4	-4	1	-3	2	2	2	3	0	0	0	0	0	0	0	0	0	0	0	0	0	0	0	0
239	0.00400077	0	-2	-2	-3	4	0	1	2	4	-4	1	-3	-4	2	2	-1	0	0	0	0	0	0	0	0	0	0	0	0	0	0	0	0
240	0.004001363	2	1	-2	-1	-2	2	-2	-1	2	3	1	2	3	-4	3	-4	0	0	0	0	0	0	0	0	0	0	0	0	0	0	0	0
241	0.00387613	-3	-2	-3	-4	4	2	2	-1	0	0	0	-2	1	2	-1	-1	0	0	0	0	0	0	0	0	0	0	0	0	0	0	0	0
243	0.003976859	0	1	2	1	-3	2	-4	0	2	-1	-2	-4	4	2	-1	-3	0	0	0	0	0	0	0	0	0	0	0	0	0	0	0	0
244	0.003943063	-4	0	0	-4	-1	4	2	0	4	2	1	1	-1	4	-3	0	0	0	0	0	0	0	0	0	0	0	0	0	0	0	0	0
245	0.00391424	1	2	-3	4	-1	4	2	0	4	2	1	1	-1	4	-1	-2	0	0	0	0	0	0	0	0	0	0	0	0	0	0	0	0
246	0.004123948	-3	4	1	-4	3	-3	3	-3	-4	3	2	3	1	-2	-4	0	0	0	0	0	0	0	0	0	0	0	0	0	0	0	0	0
247	0.003905246	-3	-1	2	0	3	-3	4	3	-1	-4	-1	3	-2	-2	-4	2	0	0	0	0	0	0	0	0	0	0	0	0	0	0	0	0
248	0.003990238	-3	-3	-3	1	3	-4	2	4	1	-3	-4	-2	3	4	-2	-3	0	0	0	0	0	0	0	0	0	0	0	0	0	0	0	0
249	0.003961271	-1	3	2	-1	-4	4	4	3	-1	-4	-1	3	-2	-2	-4	2	0	0	0	0	0	0	0	0	0	0	0	0	0	0	0	0
252	0.003967749	-2	-2	4	-1	-1	-3	2	1	0	2	-1	4	-1	4	-3	-2	0	0	0	0	0	0	0	0	0	0	0	0	0	0	0	0
253	0.004075628	3	1	2	-2	1	-4	1	2	-4	0	4	-3	-1	0	-4	4	0	0	0	0	0	0	0	0	0	0	0	0	0	0	0	0
255	0.003979727	-1	-1	0	3	-3	3	-3	3	-3	3	0	3	4	-1	-3	0	0	0	0	0	0	0	0	0	0	0	0	0	0	0	0	0
256	0.003976648	1	-1	0	3	-3	3	-3	3	-3	-2	0	3	4	-1	-2	4	0	0	0	0	0	0	0	0	0	0	0	0	0	0	0	0
257	0.003962784	-4	-3	-2	0	-2	-3	2	-2	2	-2	-1	-1	-1	4	-4	4	0	0	0	0	0	0	0	0	0	0	0	0	0	0	0	0
258	0.003893317	3	-1	1	-1	-1	-2	4	-1	-3	1	1	-4	1	0	-2	0	0	0	0	0	0	0	0	0	0	0	0	0	0	0	0	0
259	0.004002004	4	-4	0	-4	-1	-2	4	-1	-3	1	1	-4	1	0	-2	2	0	0	0	0	0	0	0	0	0	0	0	0	0	0	0	0
260	0.004007329	4	-1	-3	2	4	-3	2	2	4	1	3	-1	-4	4	3	-3	0	0	0	0	0	0	0	0	0	0	0	0	0	0	0	0
261	0.003948988	1	0	2	0	0	4	-4	-3	-4	-4	-3	0	3	-4	2	3	0	0	0	0	0	0	0	0	0	0	0	0	0	0	0	0
262	0.00396474	4	-1	-4	-1	1	-4	2	-1	-3	0	0	3	0	-2	-3	2	0	0	0	0	0	0	0	0	0	0	0	0	0	0	0	0
263	0.004006178	2	-2	-3	-1	1	-2	2	-1	-3	0	-1	3	0	-3	-3	-2	0	0	0	0	0	0	0	0	0	0	0	0	0	0	0	0
264	0.004058922	4	-2	2	-3	1	-1	-3	2	0	-2	-1	0	0	3	-3	0	0	0	0	0	0	0	0	0	0	0	0	0	0	0	0	0
265	0.003973606	1	-3	-4	-3	1	1	0	3	1	1	0	3	1	1	4	-4	0	0	0	0	0	0	0	0	0	0	0	0	0	0	0	0
266	0.004019572	-1	4	-2	2	3	0	1	3	-2	-2	-3	4	1	-3	3	3	0	0	0	0	0	0	0	0	0	0	0	0	0	0	0	0
267	0.003925853	1	-2	-3	-1	2	-2	4	4	1	0	4	0	0	-4	-1	-4	0	0	0	0	0	0	0	0	0	0	0	0	0	0	0	0
268	0.003969879	2	-2	-4	-3	-4	-2	4	-2	0	3	-2	-3	2	3	2	3	0	0	0	0	0	0	0	0	0	0	0	0	0	0	0	0
269	0.003974536	1	3	-3	-3	-4	2	0	-2	0	3	-3	-2	1	-4	-1	-2	0	0	0	0	0	0	0	0	0	0	0	0	0	0	0	0
270	0.003922213	-2	3	-2	-4	-2	-1	-2	1	-2	-1	-3	-1	-1	-1	0	4	0	0	0	0	0	0	0	0	0	0	0	0	0	0	0	0
271	0.003940338	-1	-4	1	-3	-4	-1	-2	1	2	-4	0	4	2	-3	3	0	0	0	0	0	0	0	0	0	0	0	0	0	0	0	0	0
272	0.003969924	3	-2	-2	4	-3	-4	4	0	-4	-1	3	3	-1	-2	-4	4	0	0	0	0	0	0	0	0	0	0	0	0	0	0	0	0
273	0.004026401	-2	4	-3	-3	0	-4	2	2	-2	3	-1	-3	2	-1	4	4	0	0	0	0	0	0	0	0	0	0	0	0	0	0	0	0
274	0.003955991	0	-1	-4	4	-2	-4	-4	2	-2	3	-1	-3	2	-1	0	1	0	0	0	0	0	0	0	0	0	0	0	0	0	0	0	0
275	0.003993912	-2	-1	1	4	0	4	-4	3	-4	1	-3	-4	3	0	-4	-1	0	0	0	0	0	0	0	0	0	0	0	0	0	0	0	0
276	0.003962595	-1	0	3	-2	-2	2	1	-1	1	-3	0	2	-2	4	1	1	0	0	0	0	0	0	0	0	0	0	0	0	0	0	0	0
280	0.003929906	1	0	-2	1	-1	-3	-4	3	-4	-1	-1	1	-4	1	-3	4	0	0	0	0	0	0	0	0	0	0	0	0	0	0	0	0
281	0.004073977	-2	-2	1	0	-3	4	-2	4	2	-2	0	0	3	-1	-4	-2	0	0	0	0	0	0	0	0	0	0	0	0	0	0	0	0
282	0.004000694	-4	-2	1	0	-3	4	-2	4	2	-2	0	0	-1	-4	2	-4	0	0	0	0	0	0	0	0	0	0	0	0	0	0	0	0
283	0.003988603	-3	1	-3	-1	-2	-2	-2	0	-3	3	-4	2	0	3	3	-2	0	0	0	0	0	0	0	0	0	0	0	0	0	0	0	0
285	0.003938187	2	-3	3	1	2	4	4	-4	2	2	2	-3	4	-1	3	0	0	0	0	0	0	0	0	0	0	0	0	0	0	0	0	0
286	0.003982346	4	-4	2	3	2	4	4	-4	2	2	2	-3	2	4	0	-4	0	0	0	0	0	0	0	0	0	0	0	0	0	0	0	0
287	0.004113767	4	-1	4	-3	-2	1	2	-2	4	0	2	-4	-2	-1	-3	1	0	0	0	0	0	0	0	0	0	0	0	0	0	0	0	0
288	0.004051784	1	4	2	0	2	2	-3	2	4	0	2	-4	-2	2	2	3	0	0	0	0	0	0	0	0	0	0	0	0	0	0	0	0
289	0.003923682	0	-2	-2	-3	4	0	1	3	2	1	-2	1	-4	2	2	-1	0	0	0	0	0	0	0	0	0	0	0	0	0	0	0	0
290	0.003973411	0	1	-2	-1	-2	2	-3	3	2	1	-2	1	-4	2	3	-4	0	0	0	0	0	0	0	0	0	0	0	0	0	0	0	0
291	0.003934075	-3	1	4	0	-2	2	2	-1	0	0	0	-2	1	0	-1	-1	0	0	0	0	0	0	0	0	0	0	0	0	0	0	0	0
292	0.00397528	-4	1	2	1	-2	1	-4	-1	-3	4	4	3	1	1	-2	-3	0	0	0	0	0	0	0	0	0	0	0	0	0	0	0	0
293	0.003932395	0	1	2	1	-2	1	-4	-1	2	-1	-2	-4	4	2	-1	-3	0	0	0	0	0	0	0	0	0	0	0	0	0	0	0	0
294	0.004018461	-4	0	0	-4	-3	2	-4	0	2	-1	-2	-4	4	2	-1	0	0	0	0	0	0	0	0	0	0	0	0	0	0	0	0	0
296	0.004029416	-3	4	1	-4	-3	-3	3	-3	-4	3	2	3	1	-2	-4	0	0	0	0	0	0	0	0	0	0	0	0	0	0	0	0	0
297	0.003936528	-3	-1	-3	1	-4	4	4	3	-1	-4	-1	3	-2	-2	-4	2	0	0	0	0	0	0	0	0	0	0	0	0	0	0	0	0
301	0.003966492	-1	0	2	1	-1	-4	1	0	2	-3	4	4	4	-4	1	-4	0	0	0	0	0	0	0	0	0	0	0	0	0	0	0	0
302	0.003992855	-2	-2	4	-1	-1	-3	1	2	-4	0	-2	-2	-1	4	-3	-2	0	0	0	0	0	0	0	0	0	0	0	0	0	0	0	0
303	0.004010077	3	1	2	-2	1	-4	1	2	-4	0	-2	-2	-1	4	-3	4	0	0	0	0	0	0	0	0	0	0	0	0	0	0	0	0
304	0.003936767	-1	-3	1	0	-1	3	2	-2	-4	2	-3	3	-1	2	2	0	0	0	0	0	0	0	0	0	0	0	0	0	0	0	0	0
305	0.003951461	-1	-2	3	0	-1	2	3	-2	-4	2	0	3	4	-1	-3	0	0	0	0	0	0	0	0	0	0	0	0	0	0	0	0	0
306	0.003894014	1	-1	-2	0	-2	1	2	-2	2	-2	-1	-1	-1	-4	-2	4	0	0	0	0	0	0	0	0	0	0	0	0	0	0	0	0
308	0.00391211	3	-1	1	0	3	1	-3	-3	1	2	1	-4	1	0	-2	0	0	0	0	0	0	0	0	0	0	0	0	0	0	0	0	0
309	0.003979673	4	-4	0	-4	-1	-2	4	-1	-3	1	1	-4	1	1	-2	0	0	0	0	0	0	0	0	0	0	0	0	0	0	0	0	0
310	0.003982687	4	-1	-3	2	4	-3	2	2	4	1	3	-1	-4	4	1	-3	0	0	0	0	0	0	0	0	0	0	0	0	0	0	0	0
311	0.003990269	2	-1	-4	-1	3	-1	0	-3	-4	-4	-3	0	3	-4	2	3	0	0	0	0	0	0	0	0	0	0	0	0	0	0	0	0
312	0.003956931	4	-1	-4	-1	3	-1	0	-3	-4	-4	-3	0	0	-2	-3	2	0	0	0	0	0	0	0	0	0	0	0	0	0	0	0	0
313	0.003986084	2	-2	-3	-1	1	-4	2	-1	-3	0	-1	3	0	-2	-3	-2	0	0	0	0	0	0	0	0	0	0	0	0	0	0	0	0
314	0.00405269	4	-2	2	-3	1	-1	-3	2	0	-2	-1	2	-3	3	-3	0	0	0	0	0	0	0	0	0	0	0	0	0	0	0	0	0
315	0.003965083	1	-3	-4	-3	1	1	0	3	1	2	0	3	1	1	4	-4	0	0	0	0	0	0	0	0	0	0	0	0	0	0	0	0
316	0.003994558	-1	4	2	-1	3	0	3	4	-1	-2	-3	4	1	-3	3	3	0	0	0	0	0	0	0	0	0	0	0	0	0	0	0	0
317	0.003958776	1	-2	-3	-1	2	-2	1	3	-2	0	4	0	0	-4	-1	-4	0	0	0	0	0	0	0	0	0	0	0	0	0	0	0	0
318	0.003912343	2	3	-3	-3	-4	2	0	-2	0	3	-2	-3	2	3	2	3	0	0	0	0	0	0	0	0	0	0	0	0	0	0	0	0
319	0.003982138	1	3	-2	-4	-2	-1	0	2	-2	3	-3	-2	1	-4	-1	-2	0	0	0	0	0	0	0	0	0	0	0	0	0	0	0	0
320	0.004018753	-2	3	-2	-4	-2	-1	0	2	-2	3	-3	-2	1	-4	0	4	0	0	0	0	0	0	0	0	0	0	0	0	0	0	0	0
321	0.003940648	-1	-4	-1	-3	-4	-1	-2	1	-2	-1	0	4	2	-2	3	0	0	0	0	0	0	0	0	0	0	0	0	0	0	0	0	0
322	0.003989171	3	1	-2	-1	0	-4	2	0	-4	-1	3	3	-1	-2	-4	4	0	0	0	0	0	0	0	0	0	0	0	0	0	0	0	0
325	0.00396053	-2	-1	1	4	0	4	-4	3	-4	1	-3	-4	0	-2	0	1	0	0	0	0	0	0	0	0	0	0	0	0	0	0	0	0
326	0.003924558	-1	2	-4	-1	3	2	2	0	3	-2	-1	2	-2	4	1	1	0	0	0	0	0	0	0	0	0	0	0	0	0	0	0	0
327	0.004130225	4	0	3	-2	-2	2	1	-1	1	-3	0	2	-2	4	-4	4	0	0	0	0	0	0	0	0	0	0	0	0	0	0	0	0
328	0.004018222	1	1	2	-4	2	1	-3	-3	-1	-4	4	2	-3	2	1	1	0	0	0	0	0	0	0	0	0	0	0	0	0	0	0	0
330	0.003930371	1	0	-2	1	-1	-3	-4	3	-4	-1	3	-3	4	1	-3	2	0	0	0	0	0	0	0	0	0	0	0	0	0	0	0	0
331	0.003978029	-2	4	-4	-2	-3	3	0	0	3	-2	0	0	3	-1	-4	-2	0	0	0	0	0	0	0	0	0	0	0	0	0	0	0	0
332	0.003941673	-4	-2	1	0	-3	1	-2	-1	-1	-4	3	-1	-1	-4	2	-4	0	0	0	0	0	0	0	0	0	0	0	0	0	0	0	0
333	0.003957725	-3	1	-3	-1	-2	0	-2	0	-3	3	-4	2	0	3	3	-2	0	0	0	0	0	0	0	0	0	0	0	0	0	0	0	0
334	0.003944434	-3	-2	-4	1	-3	-4	-3	-1	2	1	4	4	3	-3	-2	-2	0	0	0	0	0	0	0	0	0	0	0	0	0	0	0	0
336	0.004001532	4	-4	2	3	2	4	4	-4	2	2	1	-3	4	4	0	-4	0	0	0	0	0	0	0	0	0	0	0	0	0	0	0	0
337	0.004274776	4	-1	4	-3	-1	2	-3	2	4	0	2	-4	-2	-1	-3	1	0	0	0	0	0	0	0	0	0	0	0	0	0	0	0	0
338	0.003989202	1	4	2	-3	4	0	1	2	4	-4	1	-3	2	2	2	3	0	0	0	0	0	0	0	0	0	0	0	0	0	0	0	0
342	0.004008651	-4	1	4	1	-2	1	-4	-1	-3	4	4	3	1	1	-3	-3	0	0	0	0	0	0	0	0	0	0	0	0	0	0	0	0
343	0.004023497	0	0	0	-4	-3	2	-4	0	2	-1	-2	-4	4	2	-1	-3	0	0	0	0	0	0	0	0	0	0	0	0	0	0	0	0
344	0.003929396	-4	0	0	-2	-1	4	2	0	4	2	1	1	-1	4	-3	0	0	0	0	0	0	0	0	0	0	0	0	0	0	0	0	0
345	0.003966848	1	2	-3	4	-1	4	2	0	4	4	3	3	-2	-4	-1	-2	0	0	0	0	0	0	0	0	0	0	0	0	0	0	0	0
346	0.003999676	-3	4	1	-4	-3	-3	3	3	-4	3	2	3	1	-2	-4	0	0	0	0	0	0	0	0	0	0	0	0	0	0	0	0	0
347	0.003993035	-3	-1	2	0	3	-3	3	-3	-4	-4	-1	3	-2	-2	-4	2	0	0	0	0	0	0	0	0	0	0	0	0	0	0	0	0
348	0.004012802	-3	-3	-3	1	-4	4	4	3	1	-4	-1	3	-2	4	-2	-3	0	0	0	0	0	0	0	0	0	0	0	0	0	0	0	0
349	0.003941715	-1	3	2	-1	3	-4	2	4	1	-3	-4	-2	3	-2	-4	2	0	0	0	0	0	0	0	0	0	0	0	0	0	0	0	0
351	0.004152591	-1	0	2	1	-1	-3	2	1	0	2	-4	4	4	-4	1	-4	0	0	0	0	0	0	0	0	0	0	0	0	0	0	0	0
352	0.003992728	-2	1	2	-2	1	-4	1	2	-4	0	-2	-2	-1	4	-3	-2	0	0	0	0	0	0	0	0	0	0	0	0	0	0	0	0
353	0.004032878	3	1	2	-2	1	-4	1	2	-3	2	4	-3	-1	0	-4	4	0	0	0	0	0	0	0	0	0	0	0	0	0	0	0	0
355	0.003978187	-1	-2	3	0	1	2	3	-2	-4	2	-3	3	-1	2	2	0	0	0	0	0	0	0	0	0	0	0	0	0	0	0	0	0
356	0.004010579	1	-1	0	3	-3	3	-3	3	-3	3	0	3	4	-4	1	4	0	0	0	0	0	0	0	0	0	0	0	0	0	0	0	0
357	0.003955875	-4	-3	-2	0	-2	-3	2	-2	2	-2	-1	-1	0	4	-4	4	0	0	0	0	0	0	0	0	0	0	0	0	0	0	0	0
358	0.003912703	3	-1	1	-1	3	1	4	-1	-3	1	1	-4	1	0	-2	0	0	0	0	0	0	0	0	0	0	0	0	0	0	0	0	0
362	0.004006777	4	-1	-4	-1	3	-1	0	-3	-4	-4	-3	0	3	-4	2	2	0	0	0	0	0	0	0	0	0	0	0	0	0	0	0	0
363	0.003903952	2	-2	-3	-1	1	-4	-3	2	0	-2	-1	1	0	-3	-3	-2	0	0	0	0	0	0	0	0	0	0	0	0	0	0	0	0
367	0.004061249	1	-2	-3	-1	2	-2	1	3	-2	-2	-3	4	1	-3	3	-4	0	0	0	0	0	0	0	0	0	0	0	0	0	0	0	0
368	0.004017706	2	-2	-4	-3	-4	-2	4	4	1	0	2	0	0	3	2	3	0	0	0	0	0	0	0	0	0	0	0	0	0	0	0	0
370	0.003992505	-2	3	-2	-4	-2	-1	0	2	-2	3	-3	-1	-1	-4	0	4	0	0	0	0	0	0	0	0	0	0	0	0	0	0	0	0
371	0.003900538	-1	-4	-1	-3	-4	-1	-2	1	-2	0	-3	-1	-1	-4	3	0	0	0	0	0	0	0	0	0	0	0	0	0	0	0	0	0
372	0.004018734	3	1	-3	-3	0	-4	2	0	-4	-1	3	3	-1	-2	-4	4	0	0	0	0	0	0	0	0	0	0	0	0	0	0	0	0
373	0.004004134	-2	4	-4	4	-2	-4	-4	2	-2	1	-1	-3	2	-1	4	4	0	0	0	0	0	0	0	0	0	0	0	0	0	0	0	0
374	0.003934671	0	-1	-4	1	-2	-4	-4	2	-2	3	-1	-3	2	-1	0	1	0	0	0	0	0	0	0	0	0	0	0	0	0	0	0	0
376	0.003920201	-1	2	-4	-2	-2	2	1	-1	1	-3	0	2	-2	4	1	1	0	0	0	0	0	0	0	0	0	0	0	0	0	0	0	0
377	0.004172067	4	0	3	-4	2	1	-3	0	1	4	4	4	-4	4	-4	4	0	0	0	0	0	0	0	0	0	0	0	0	0	0	0	0
378	0.004061185	1	1	2	-4	2	1	-3	0	1	4	4	4	-4	4	-4	1	0	0	0	0	0	0	0	0	0	0	0	0	0	0	0	0
379	0.003952297	3	-4	1	3	0	-1	0	-3	-1	-4	4	2	-3	-2	1	1	0	0	0	0	0	0	0	0	0	0	0	0	0	0	0	0
380	0.003951388	1	0	-2	1	-1	-3	-4	0	3	1	3	-3	4	1	-3	4	0	0	0	0	0	0	0	0	0	0	0	0	0	0	0	0
382	0.00404652	-4	-2	1	0	-3	4	-2	4	2	-4	3	-1	-1	-4	-1	-4	0	0	0	0	0	0	0	0	0	0	0	0	0	0	0	0
385	0.00392787	2	-3	3	3	-3	-4	-3	1	2	2	2	-3	4	-1	3	0	0	0	0	0	0	0	0	0	0	0	0	0	0	0	0	0
386	0.003991558	4	-1	4	-3	-2	1	2	-1	-4	1	0	2	4	4	0	0	0	0	0	0	0	0	0	0	0	0	0	0	0	0	0	0
387	0.004118635	4	-1	4	-3	-2	1	2	-1	4	0	2	-4	-2	-1	-3	1	0	0	0	0	0	0	0	0	0	0	0	0	0	0	0	0
389	0.003922428	0	-2	-2	-3	4	0	1	2	4	-4	1	-3	2	2	2	-1	0	0	0	0	0	0	0	0	0	0	0	0	0	0	0	0
390	0.003999948	0	1	-2	-1	-2	2	-3	-1	2	3	1	2	3	-4	3	-4	0	0	0	0	0	0	0	0	0	0	0	0	0	0	0	0
391	0.003966196	-3	-2	4	0	-2	2	2	-1	0	0	0	-2	1	2	-1	-1	0	0	0	0	0	0	0	0	0	0	0	0	0	0	0	0
392	0.003930612	-4	1	4	0	-2	2	2	-1	0	0	0	2	1	1	-3	-3	0	0	0	0	0	0	0	0	0	0	0	0	0	0	0	0
393	0.004024183	0	-1	0	-4	-3	2	-4	0	2	-1	-2	-4	4	2	-1	-3	0	0	0	0	0	0	0	0	0	0	0	0	0	0	0	0
394	0.004018804	-4	0	0	-4	-3	2	-4	0	2	-1	-2	-4	4	2	-3	0	0	0	0	0	0	0	0	0	0	0	0	0	0	0	0	0
396	0.003994052	-3	4	1	-4	-3	-3	3	3	-1	4	3	2	1	-2	-4	0	0	0	0	0	0	0	0	0	0	0	0	0	0	0	0	0
397	0.004023953	-3	-1	2	0	3	-3	3	-3	-4	3	2	3	-2	-2	-4	2	0	0	0	0	0	0	0	0	0	0	0	0	0	0	0	0
402	0.003998471	-2	-2	4	-2	1	-4	1	0	-4	0	-2	-2	-1	4	-3	-2	0	0	0	0	0	0	0	0	0	0	0	0	0	0	0	0
403	0.004051577	3	1	2	-2	1	3	2	-2	-3	2	4	-3	-1	0	-4	4	0	0	0	0	0	0	0	0	0	0	0	0	0	0	0	0
404	0.003948463	-1	-3	1	0	-1	2	3	-2	-4	2	-3	3	-1	2	2	0	0	0	0	0	0	0	0	0	0	0	0	0	0	0	0	0
405	0.003977537	-1	-2	3	0	-1	2	3	-2	-4	2	-2	3	4	-1	-3	0	0	0	0	0	0	0	0	0	0	0	0	0	0	0	0	0
406	0.00388215	1	-1	0	0	-2	-3	2	-2	2	-2	-1	-1	-1	-4	-2	4	0	0	0	0	0	0	0	0	0	0	0	0	0	0	0	0
407	0.003914641	-4	-3	1	0	-2	-3	2	-2	2	-2	-1	-1	-1	-4	-2	4	0	0	0	0	0	0	0	0	0	0	0	0	0	0	0	0
411	0.004057808	-2	0	-4	-1	3	-1	0	-3	-4	-4	-3	0	3	-4	2	3	0	0	0	0	0	0	0	0	0	0	0	0	0	0	0	0
412	0.003946224	4	-1	-4	-1	3	-1	-1	-1	-3	0	-1	3	0	-2	-3	2	0	0	0	0	0	0	0	0	0	0	0	0	0	0	0	0
413	0.003907622	2	-2	-3	-1	1	-1	-3	2	0	-2	-1	1	0	-3	-3	-2	0	0	0	0	0	0	0	0	0	0	0	0	0	0	0	0
414	0.004072319	4	-2	2	-3	1	1	0	3	1	1	1	2	-3	3	-3	0	0	0	0	0	0	0	0	0	0	0	0	0	0	0	0	0
415	0.003977955	1	-1	-4	-3	1	1	0	3	1	2	0	3	1	1	4	-4	0	0	0	0	0	0	0	0	0	0	0	0	0	0	0	0
416	0.004005184	-1	4	2	-1	2	-2	1	3	-2	-2	-3	4	1	-3	3	3	0	0	0	0	0	0	0	0	0	0	0	0	0	0	0	0
420	0.003950647	-2	-4	-1	-3	-4	-1	-2	1	-2	-1	-3	-1	-1	-4	0	4	0	0	0	0	0	0	0	0	0	0	0	0	0	0	0	0
421	0.004027964	2	1	-2	4	-3	-4	4	0	2	-4	0	4	2	-3	3	0	0	0	0	0	0	0	0	0	0	0	0	0	0	0	0	0
423	0.004005658	-2	4	-3	-3	0	-4	-4	2	-2	3	-1	-3	2	-1	4	4	0	0	0	0	0	0	0	0	0	0	0	0	0	0	0	0
424	0.003934165	0	-1	-4	4	-2	-4	-4	2	-2	3	-3	-4	0	1	0	1	0	0	0	0	0	0	0	0	0	0	0	0	0	0	0	0
426	0.003979676	-1	2	-4	-1	3	2	2	0	3	-2	-1	4	3	0	1	1	0	0	0	0	0	0	0	0	0	0	0	0	0	0	0	0
428	0.003981164	1	1	2	-4	2	-1	-3	0	1	4	4	4	-3	2	1	1	0	0	0	0	0	0	0	0	0	0	0	0	0	0	0	0
429	0.003971634	3	-4	1	3	0	-1	2	-3	-1	-1	-1	1	-4	-2	4	4	0	0	0	0	0	0	0	0	0	0	0	0	0	0	0	0
430	0.004016349	1	0	-2	1	-3	3	0	0	3	1	3	-3	4	1	-3	4	0	0	0	0	0	0	0	0	0	0	0	0	0	0	0	0
431	0.004056105	-4	-2	1	0	-3	4	-2	4	2	-2	0	0	3	-1	-1	-2	0	0	0	0	0	0	0	0	0	0	0	0	0	0	0	0
432	0.003915789	-4	-2	1	0	-3	-2	0	-1	-1	-4	3	-1	-1	-4	2	-4	0	0	0	0	0	0	0	0	0	0	0	0	0	0	0	0
433	0.003939086	-3	-2	-4	1	-3	0	-2	0	-3	3	-4	2	0	3	0	-2	0	0	0	0	0	0	0	0	0	0	0	0	0	0	0	0
434	0.004082602	-3	-2	-4	1	-3	0	-2	0	-3	3	-4	4	3	-3	-2	-2	0	0	0	0	0	0	0	0	0	0	0	0	0	0	0	0
435	0.003943475	2	-3	2	3	2	4	4	-4	2	2	2	-3	1	-1	3	0	0	0	0	0	0	0	0	0	0	0	0	0	0	0	0	0
439	0.003919059	0	-2	-2	-3	4	0	1	2	1	-4	-2	1	-4	2	2	-1	0	0	0	0	0	0	0	0	0	0	0	0	0	0	0	0
440	0.004043952	0	1	-3	-4	4	-2	-2	-1	2	3	1	2	3	-4	3	-4	0	0	0	0	0	0	0	0	0	0	0	0	0	0	0	0
441	0.003957922	-3	1	4	0	-2	2	2	-1	0	0	0	-2	1	2	-1	-1	0	0	0	0	0	0	0	0	0	0	0	0	0	0	0	0
442	0.0039716	-4	1	4	0	-2	2	2	-1	-3	4	4	3	1	1	-3	-3	0	0	0	0	0	0	0	0	0	0	0	0	0	0	0	0
444	0.003985598	-4	0	0	-4	-2	2	-4	0	2	-1	-2	1	-1	4	-3	0	0	0	0	0	0	0	0	0	0	0	0	0	0	0	0	0
445	0.003928057	1	2	-3	4	-1	4	2	0	4	0	1	1	-1	-4	-1	-2	0	0	0	0	0	0	0	0	0	0	0	0	0	0	0	0
446	0.0039876	-3	4	1	-4	-3	-3	3	3	-1	4	3	3	1	-2	-4	0	0	0	0	0	0	0	0	0	0	0	0	0	0	0	0	0
447	0.003955437	-3	-1	2	0	3	-3	3	-3	-1	-4	-1	3	-2	-2	-4	2	0	0	0	0	0	0	0	0	0	0	0	0	0	0	0	0
448	0.003982257	-3	-3	-3	1	-4	4	4	3	-1	-4	-1	3	-2	4	-2	-3	0	0	0	0	0	0	0	0	0	0	0	0	0	0	0	0
452	0.004002542	-2	-2	4	-1	1	-4	1	2	-4	0	-2	-2	-1	4	-3	-2	0	0	0	0	0	0	0	0	0	0	0	0	0	0	0	0
457	0.003989828	-4	-1	1	-1	3	1	-3	-3	1	2	2	-2	4	4	-4	4	0	0	0	0	0	0	0	0	0	0	0	0	0	0	0	0
458	0.003927382	3	-1	1	-1	3	1	-3	-3	1	2	1	-4	1	0	-2	0	0	0	0	0	0	0	0	0	0	0	0	0	0	0	0	0
460	0.003975777	4	-1	-3	2	0	4	-4	-2	2	-2	0	0	-2	-4	1	-3	0	0	0	0	0	0	0	0	0	0	0	0	0	0	0	0
461	0.003985486	1	0	2	0	0	4	-4	-2	2	2	-3	0	3	-4	2	3	0	0	0	0	0	0	0	0	0	0	0	0	0	0	0	0
463	0.003933153	2	-2	-3	-1	1	-4	2	-1	0	-2	-1	1	0	-3	-3	-2	0	0	0	0	0	0	0	0	0	0	0	0	0	0	0	0
465	0.00402561	1	-3	2	2	3	0	3	4	-1	2	0	3	1	1	4	-4	0	0	0	0	0	0	0	0	0	0	0	0	0	0	0	0
466	0.004011544	-1	4	2	2	3	0	3	4	-1	2	0	4	1	-3	3	3	0	0	0	0	0	0	0	0	0	0	0	0	0	0	0	0
467	0.004148368	1	-2	-3	-1	2	-2	1	-2	-2	-2	-3	4	1	-3	3	-4	0	0	0	0	0	0	0	0	0	0	0	0	0	0	0	0
469	0.004000762	1	3	-3	-3	-4	2	0	-2	-2	3	-2	-2	1	-4	-1	-2	0	0	0	0	0	0	0	0	0	0	0	0	0	0	0	0
471	0.003903471	-1	-4	-1	-3	-4	-1	-2	1	-2	-1	-3	-1	-1	-4	3	0	0	0	0	0	0	0	0	0	0	0	0	0	0	0	0	0
472	0.003991453	3	1	-2	4	-3	-4	4	0	2	-4	0	4	2	-3	-4	4	0	0	0	0	0	0	0	0	0	0	0	0	0	0	0	0
474	0.003945706	0	-1	1	4	0	4	-4	3	-4	1	-3	-4	0	1	0	1	0	0	0	0	0	0	0	0	0	0	0	0	0	0	0	0
475	0.003926032	-2	-1	-4	-1	3	2	2	0	3	-2	-1	4	3	0	-4	-1	0	0	0	0	0	0	0	0	0	0	0	0	0	0	0	0
476	0.003957752	-1	2	1	-1	3	2	2	0	3	-2	-1	4	3	0	1	1	0	0	0	0	0	0	0	0	0	0	0	0	0	0	0	0
477	0.004137859	4	0	3	-2	2	1	-3	0	1	4	4	4	-4	4	-4	4	0	0	0	0	0	0	0	0	0	0	0	0	0	0	0	0
480	0.003879108	1	0	-2	1	-1	-3	-4	3	-4	-1	-1	-3	4	1	-3	4	0	0	0	0	0	0	0	0	0	0	0	0	0	0	0	0
481	0.003998152	-2	4	-4	-2	-3	3	0	0	3	1	3	-3	4	1	-3	2	0	0	0	0	0	0	0	0	0	0	0	0	0	0	0	0
482	0.003979424	-4	1	-3	-1	-2	-2	-2	-1	-1	-4	3	-1	-1	-4	2	-4	0	0	0	0	0	0	0	0	0	0	0	0	0	0	0	0
483	0.003939311	-3	1	-3	-1	-2	-2	-2	-1	-1	-4	-4	2	0	3	3	-2	0	0	0	0	0	0	0	0	0	0	0	0	0	0	0	0
484	0.003972646	-3	-2	-4	1	-3	0	-2	0	2	1	4	4	3	-3	-2	-2	0	0	0	0	0	0	0	0	0	0	0	0	0	0	0	0
486	0.004033999	4	-4	2	3	-2	1	2	-1	-4	1	0	2	4	4	0	-4	0	0	0	0	0	0	0	0	0	0	0	0	0	0	0	0
489	0.003908375	0	-2	-2	-3	4	0	1	2	2	1	-2	1	-4	2	2	-1	0	0	0	0	0	0	0	0	0	0	0	0	0	0	0	0
490	0.003984658	0	0	-2	-1	-2	2	-2	-1	2	3	1	2	3	-4	3	-4	0	0	0	0	0	0	0	0	0	0	0	0	0	0	0	0
491	0.003891245	-3	-2	-3	-4	4	-2	-2	-1	2	3	0	-2	1	2	-1	-1	0	0	0	0	0	0	0	0	0	0	0	0	0	0	0	0
492	0.004007675	-4	1	4	0	-2	2	-4	-1	-3	4	4	3	1	1	-3	-3	0	0	0	0	0	0	0	0	0	0	0	0	0	0	0	0
493	0.003922607	0	1	2	2	-2	1	-4	-1	-3	4	4	3	1	1	-1	-3	0	0	0	0	0	0	0	0	0	0	0	0	0	0	0	0
494	0.003957213	-4	0	0	-4	-3	4	2	0	4	2	1	1	-1	4	-3	0	0	0	0	0	0	0	0	0	0	0	0	0	0	0	0	0
498	0.003984872	-3	3	2	-1	1	-4	2	4	1	-3	-4	-2	3	4	-2	-3	0	0	0	0	0	0	0	0	0	0	0	0	0	0	0	0
0	0.004028577	2	-3	1	-3	-4	-1	2	2	-1	-1	2	1	3	1	-4	-2	0	0	0	0	0	0	0	0	0	0	0	0	0	0	0	0
1	0.003940114	0	2	1	3	0	-2	2	1	-3	1	3	-4	-3	2	-1	2	0	0	0	0	0	0	0	0	0	0	0	0	0	0	0	0
2	0.003971881	2	1	-2	-4	2	4	0	0	-1	4	-4	3	-2	1	-4	4	0	0	0	0	0	0	0	0	0	0	0	0	0	0	0	0
3	0.00398506	0	-3	2	-1	4	-4	3	1	-2	2	0	1	-2	2	2	4	0	0	0	0	0	0	0	0	0	0	0	0	0	0	0	0
4	0.003956032	3	-1	-2	-2	-2	4	0	-4	3	0	1	-1	2	-3	-3	-1	0	0	0	0	0	0	0	0	0	0	0	0	0	0	0	0
5	0.004020649	-3	-3	-4	1	3	-2	2	2	-4	1	-1	-3	-2	4	3	-1	0	0	0	0	0	0	0	0	0	0	0	0	0	0	0	0
6	0.00393804	3	2	2	-1	-4	1	4	-2	-1	3	3	4	-3	-4	4	1	0	0	0	0	0	0	0	0	0	0	0	0	0	0	0	0
7	0.003984137	1	-3	3	-1	-4	-4	-3	3	1	3	-2	3	4	1	-2	3	0	0	0	0	0	0	0	0	0	0	0	0	0	0	0	0
8	0.003982191	1	2	-3	-1	0	2	2	-4	1	4	4	1	2	2	2	-3	0	0	0	0	0	0	0	0	0	0	0	0	0	0	0	0
9	0.003903199	-3	1	0	-3	-3	-2	-1	4	-2	0	1	2	-3	4	1	-4	0	0	0	0	0	0	0	0	0	0	0	0	0	0	0	0
10	0.003863758	0	-1	-3	-4	0	-3	-4	-2	3	4	2	-1	-1	2	1	-3	0	0	0	0	0	0	0	0	0	0	0	0	0	0	0	0
11	0.003911326	-2	-2	-2	-1	-4	-4	-1	0	4	0	0	-2	-3	-3	-3	-3	0	0	0	0	0	0	0	0	0	0	0	0	0	0	0	0
12	0.00392729	-3	-4	-2	-1	0	3	-4	3	-2	-3	-2	-2	2	0	1	-4	0	0	0	0	0	0	0	0	0	0	0	0	0	0	0	0
13	0.004015325	3	4	-4	0	4	-4	-1	-3	4	2	-1	4	-4	3	-4	-1	0	0	0	0	0	0	0	0	0	0	0	0	0	0	0	0
14	0.003953868	-4	3	0	3	-3	0	-1	4	-1	4	2	2	-4	4	2	-4	0	0	0	0	0	0	0	0	0	0	0	0	0	0	0	0
15	0.003903659	4	-4	2	3	3	0	1	0	-2	0	0	-2	3	3	4	3	0	0	0	0	0	0	0	0	0	0	0	0	0	0	0	0
16	0.003983327	3	1	4	-4	-1	-2	1	1	0	4	-3	0	1	0	-1	4	0	0	0	0	0	0	0	0	0	0	0	0	0	0	0	0
17	0.003986185	0	-3	-4	3	3	0	-1	-3	2	1	4	1	4	-4	-3	-3	0	0	0	0	0	0	0	0	0	0	0	0	0	0	0	0
18	0.003904493	3	4	-2	2	-3	0	-4	1	1	3	0	-2	-1	2	-1	-4	0	0	0	0	0	0	0	0	0	0	0	0	0	0	0	0
19	0.004069011	4	-3	4	-4	1	-4	-2	2	4	-4	0	2	1	0	-3	0	0	0	0	0	0	0	0	0	0	0	0	0	0	0	0	0
21	0.003953635	0	2	1	3	0	-2	0	0	-1	4	-4	3	-2	1	-4	4	0	0	0	0	0	0	0	0	0	0	0	0	0	0	0	0
23	0.003980524	0	-3	2	-1	4	-4	3	1	-2	2	0	1	-2	2	2	-1	0	0	0	0	0	0	0	0	0	0	0	0	0	0	0	0
24	0.003992986	3	-1	-2	-2	-2	4	0	-4	3	0	1	-3	-2	4	3	-1	0	0	0	0	0	0	0	0	0	0	0	0	0	0	0	0
25	0.004104146	-3	-3	-4	1	3	-2	4	-2	-1	3	3	4	-3	-4	4	1	0	0	0	0	0	0	0	0	0	0	0	0	0	0	0	0
26	0.003917658	3	2	2	-1	-4	1	4	-2	-1	3	3	4	-3	1	-2	-1	0	0	0	0	0	0	0	0	0	0	0	0	0	0	0	0
27	0.003940853	1	-3	3	-1	-4	2	2	-4	1	4	4	1	2	2	2	-3	0	0	0	0	0	0	0	0	0	0	0	0	0	0	0	0
28	0.00395595	1	2	-3	-1	0	2	-1	4	-2	0	1	2	-3	4	1	-4	0	0	0	0	0	0	0	0	0	0	0	0	0	0	0	0
31	0.003927967	-2	-2	-2	-1	-4	-4	-1	0	4	0	0	-2	-3	0	1	-4	0	0	0	0	0	0	0	0	0	0	0	0	0	0	0	0
32	0.00401124	-3	-4	-2	-1	0	3	-4	3	4	2	-1	4	-4	3	-4	-1	0	0	0	0	0	0	0	0	0	0	0	0	0	0	0	0
33	0.004065667	3	4	-4	0	4	-4	-1	-3	-1	4	2	2	-4	4	2	-4	0	0	0	0	0	0	0	0	0	0	0	0	0	0	0	0
34	0.003943137	-4	3	0	3	-3	0	-1	4	-1	4	0	-2	3	3	4	3	0	0	0	0	0	0	0	0	0	0	0	0	0	0	0	0
35	0.003959158	2	-4	2	3	3	0	1	1	0	4	-3	0	1	0	-1	4	0	0	0	0	0	0	0	0	0	0	0	0	0	0	0	0
36	0.003982223	3	1	-4	3	3	0	-1	-3	2	1	4	1	4	-4	-3	-3	0	0	0	0	0	0	0	0	0	0	0	0	0	0	0	0
37	0.003988313	0	-3	-4	3	3	0	-1	-3	2	1	4	1	4	-4	-3	-4	0	0	0	0	0	0	0	0	0	0	0	0	0	0	0	0
38	0.003911559	3	4	-2	2	-3	0	-4	1	1	3	0	-2	-1	2	-3	0	0	0	0	0	0	0	0	0	0	0	0	0	0	0	0	0
39	0.004045094	4	-3	4	-4	1	-4	-2	2	4	-4	0	2	1	0	-1	-4	0	0	0	0	0	0	0	0	0	0	0	0	0	0	0	0
41	0.003955187	0	2	1	3	0	-2	2	1	-3	1	3	-4	-3	2	-1	4	0	0	0	0	0	0	0	0	0	0	0	0	0	0	0	0
42	0.003922385	2	1	-2	-4	2	4	3	1	-2	2	0	1	-2	2	2	4	0	0	0	0	0	0	0	0	0	0	0	0	0	0	0	0
43	0.003952083	0	-3	2	-1	4	-4	3	1	-2	0	1	-1	2	-3	-3	-1	0	0	0	0	0	0	0	0	0	0	0	0	0	0	0	0
44	0.00400978	3	-1	-4	1	3	-2	2	2	-4	1	-1	-3	-2	4	3	-1	0	0	0	0	0	0	0	0	0	0	0	0	0	0	0	0
45	0.00403163	-2	-3	-4	1	3	1	4	-2	-1	3	3	4	-3	-4	4	1	0	0	0	0	0	0	0	0	0	0	0	0	0	0	0	0
46	0.003975829	3	2	2	-1	-4	-4	-3	3	1	3	-2	1	4	1	-2	3	0	0	0	0	0	0	0	0	0	0	0	0	0	0	0	0
48	0.00394592	1	2	-3	-1	0	2	2	-4	1	4	1	2	-3	4	1	-4	0	0	0	0	0	0	0	0	0	0	0	0	0	0	0	0
49	0.003852618	-3	-1	-3	-4	0	-3	-4	-2	3	4	2	-1	-1	2	1	-3	0	0	0	0	0	0	0	0	0	0	0	0	0	0	0	0
50	0.003900126	0	-1	-3	-4	0	-3	-4	-2	3	4	2	-2	-3	-3	-3	-3	0	0	0	0	0	0	0	0	0	0	0	0	0	0	0	0
51	0.0039304	-2	-2	-2	-1	0	3	-4	3	-2	-3	-2	-2	1	0	1	-4	0	0	0	0	0	0	0	0	0	0	0	0	0	0	0	0
52	0.004016337	-3	-4	-2	-1	0	3	-4	3	-2	-3	-1	4	-4	3	-4	-1	0	0	0	0	0	0	0	0	0	0	0	0	0	0	0	0
53	0.004027599	3	4	-4	0	-2	-4	-1	-3	4	2	-1	4	-4	4	2	-4	0	0	0	0	0	0	0	0	0	0	0	0	0	0	0	0
54	0.003910449	-4	3	0	3	-3	0	-1	4	-1	0	0	-2	3	3	4	3	0	0	0	0	0	0	0	0	0	0	0	0	0	0	0	0
55	0.003954424	4	-4	2	3	-1	-2	1	1	0	4	-3	0	1	0	-1	4	0	0	0	0	0	0	0	0	0	0	0	0	0	0	0	0
57	0.003961422	0	-3	-4	3	3	0	-4	1	1	3	0	-2	-1	2	-1	-4	0	0	0	0	0	0	0	0	0	0	0	0	0	0	0	0
61	0.003937108	0	2	1	3	2	4	0	0	-1	4	-4	3	-2	1	-4	4	0	0	0	0	0	0	0	0	0	0	0	0	0	0	0	0
62	0.003967641	2	1	-2	-4	2	4	0	0	-2	2	0	1	-2	2	2	4	0	0	0	0	0	0	0	0	0	0	0	0	0	0	0	0
63	0.003968145	0	-3	2	-1	-2	4	0	-4	3	0	1	-1	2	-3	-3	-1	0	0	0	0	0	0	0	0	0	0	0	0	0	0	0	0
64	0.004029582	3	-3	-4	1	3	-2	2	2	-4	1	-1	-3	-2	4	3	-1	0	0	0	0	0	0	0	0	0	0	0	0	0	0	0	0
65	0.004066733	-3	-3	-4	1	3	-2	2	2	-4	3	3	4	-3	-4	4	1	0	0	0	0	0	0	0	0	0	0	0	0	0	0	0	0
66	0.003987861	3	2	2	-1	-4	1	-3	3	1	3	-2	3	4	1	-2	3	0	0	0	0	0	0	0	0	0	0	0	0	0	0	0	0
67	0.003900572	1	-3	3	-1	-4	-4	-3	-4	1	4	4	1	2	2	2	-3	0	0	0	0	0	0	0	0	0	0	0	0	0	0	0	0
68	0.00396126	1	2	-3	-3	-3	-2	-1	4	-2	0	1	2	-3	4	1	-4	0	0	0	0	0	0	0	0	0	0	0	0	0	0	0	0
69	0.003877421	-3	1	0	-3	-3	-2	-4	-2	3	4	2	-1	-1	2	1	-3	0	0	0	0	0	0	0	0	0	0	0	0	0	0	0	0
70	0.003894373	0	-1	-3	-4	0	-3	-4	-2	3	4	2	-1	-1	-3	-3	-3	0	0	0	0	0	0	0	0	0	0	0	0	0	0	0	0
71	0.003963172	-2	-2	-2	-1	-4	3	-4	3	-2	-3	-2	-2	2	0	1	-4	0	0	0	0	0	0	0	0	0	0	0	0	0	0	0	0
72	0.004009846	-3	-4	-2	-1	0	3	-4	3	-2	-3	-2	4	-4	3	-4	-1	0	0	0	0	0	0	0	0	0	0	0	0	0	0	0	0
74	0.003898857	-4	3	0	3	-3	0	-1	4	-1	4	2	2	-4	4	2	3	0	0	0	0	0	0	0	0	0	0	0	0	0	0	0	0
75	0.003956467	4	-4	2	3	3	0	1	0	-2	0	-3	0	1	0	-1	4	0	0	0	0	0	0	0	0	0	0	0	0	0	0	0	0
76	0.004010147	3	1	4	-4	-1	-2	1	1	0	4	4	1	4	-4	-3	-3	0	0	0	0	0	0	0	0	0	0	0	0	0	0	0	0
78	0.003860034	3	4	-2	2	-3	0	-4	1	1	3	0	2	1	0	-3	0	0	0	0	0	0	0	0	0	0	0	0	0	0	0	0	0
79	0.004140818	4	-3	4	-4	1	-4	-2	2	4	-4	0	-2	-1	2	-1	-4	0	0	0	0	0	0	0	0	0	0	0	0	0	0	0	0
81	0.00397616	0	2	1	3	0	-2	2	1	-3	1	-4	3	-2	1	-4	4	0	0	0	0	0	0	0	0	0	0	0	0	0	0	0	0
82	0.003975211	2	1	2	-1	4	-4	3	1	-2	2	0	1	-2	2	2	4	0	0	0	0	0	0	0	0	0	0	0	0	0	0	0	0
84	0.003976826	3	-1	-2	-2	-2	4	0	2	-4	1	-1	-3	-2	4	3	-1	0	0	0	0	0	0	0	0	0	0	0	0	0	0	0	0
86	0.003981818	3	2	2	-1	-4	-4	-3	3	1	3	-2	3	4	1	-2	3	0	0	0	0	0	0	0	0	0	0	0	0	0	0	0	0
87	0.003981705	1	1	-3	-1	0	2	2	-4	1	4	4	1	2	2	2	-3	0	0	0	0	0	0	0	0	0	0	0	0	0	0	0	0
88	0.003986186	1	2	-3	-1	0	2	2	-4	1	4	4	1	2	2	2	-4	0	0	0	0	0	0	0	0	0	0	0	0	0	0	0	0
89	0.003930976	-3	1	0	-3	-3	-2	-1	4	-2	0	1	2	0	4	1	-3	0	0	0	0	0	0	0	0	0	0	0	0	0	0	0	0
90	0.003896856	0	-1	-3	-4	0	-3	-4	-2	3	4	2	-1	-1	2	-3	-3	0	0	0	0	0	0	0	0	0	0	0	0	0	0	0	0
91	0.003930377	-2	-2	-2	-1	0	3	-4	3	-2	-3	-2	-2	2	0	1	-4	0	0	0	0	0	0	0	0	0	0	0	0	0	0	0	0
93	0.003994202	3	4	-4	0	4	0	-1	4	-1	4	2	2	-4	4	2	-4	0	0	0	0	0	0	0	0	0	0	0	0	0	0	0	0
94	0.003878002	-4	3	0	3	-3	0	-1	0	-2	0	0	-2	3	3	4	3	0	0	0	0	0	0	0	0	0	0	0	0	0	0	0	0
95	0.003955432	4	-4	2	3	3	0	1	1	0	4	-3	0	1	0	-1	4	0	0	0	0	0	0	0	0	0	0	0	0	0	0	0	0
96	0.003974615	3	-3	-4	3	3	0	-1	-3	2	1	4	1	4	-4	-3	-3	0	0	0	0	0	0	0	0	0	0	0	0	0	0	0	0
97	0.003944123	0	-3	-4	2	-3	0	-4	1	1	3	0	-2	-1	2	-1	-4	0	0	0	0	0	0	0	0	0	0	0	0	0	0	0	0
98	0.003994154	3	4	-2	-4	1	-4	-2	2	4	-4	0	2	1	0	-3	0	0	0	0	0	0	0	0	0	0	0	0	0	0	0	0	0
99	0.004031644	4	-3	4	2	-3	0	-4	1	1	3	0	-2	-1	2	-1	-4	0	0	0	0	0	0	0	0	0	0	0	0	0	0	0	0
101	0.003975025	0	2	1	3	0	-2	2	0	-1	4	-4	3	-2	1	-4	4	0	0	0	0	0	0	0	0	0	0	0	0	0	0	0	0
102	0.003979903	2	1	-2	-1	4	-4	3	1	-2	2	0	1	-2	2	2	4	0	0	0	0	0	0	0	0	0	0	0	0	0	0	0	0
103	0.003959491	0	-3	2	-1	4	-4	3	1	-2	2	0	-1	2	-3	-3	-1	0	0	0	0	0	0	0	0	0	0	0	0	0	0	0	0
104	0.003938735	3	-1	-2	-2	-2	4	0	-4	-4	1	-1	-3	-2	4	3	-1	0	0	0	0	0	0	0	0	0	0	0	0	0	0	0	0
105	0.003990606	-3	-3	-4	1	3	-2	2	2	-4	1	-1	-3	-2	4	4	1	0	0	0	0	0	0	0	0	0	0	0	0	0	0	0	0
106	0.004004536	3	-3	3	-1	-4	-4	-3	3	1	3	-2	3	4	1	-2	3	0	0	0	0	0	0	0	0	0	0	0	0	0	0	0	0
107	0.004012295	1	-3	3	-1	-4	-4	-3	3	1	3	-2	1	2	2	2	-3	0	0	0	0	0	0	0	0	0	0	0	0	0	0	0	0
109	0.003901442	-3	1	0	-3	-3	-2	-1	4	-2	0	1	2	-3	2	1	-3	0	0	0	0	0	0	0	0	0	0	0	0	0	0	0	0
110	0.003898161	0	-1	-3	-4	-1	-3	-4	-2	3	4	2	-2	-3	-3	-3	-3	0	0	0	0	0	0	0	0	0	0	0	0	0	0	0	0
113	0.004048506	3	4	-4	0	4	-4	-1	4	-1	4	2	2	-4	4	2	-4	0	0	0	0	0	0	0	0	0	0	0	0	0	0	0	0
114	0.003915249	-4	-4	2	3	3	0	1	0	-2	0	0	-2	3	3	4	3	0	0	0	0	0	0	0	0	0	0	0	0	0	0	0	0
115	0.00395941	4	-4	2	3	3	0	1	0	-2	0	0	0	1	0	-1	4	0	0	0	0	0	0	0	0	0	0	0	0	0	0	0	0
116	0.003925894	3	1	4	3	3	0	-1	-3	2	1	4	1	4	-4	-3	-3	0	0	0	0	0	0	0	0	0	0	0	0	0	0	0	0
117	0.00395129	0	-3	-4	3	3	0	-1	-3	2	1	4	-2	-1	2	-1	-4	0	0	0	0	0	0	0	0	0	0	0	0	0	0	0	0
121	0.003994968	0	2	1	3	0	-2	2	1	-3	1	3	-4	-3	1	-4	4	0	0	0	0	0	0	0	0	0	0	0	0	0	0	0	0
122	0.003982022	2	1	-2	-4	2	4	0	0	-1	4	-4	3	-2	1	2	4	0	0	0	0	0	0	0	0	0	0	0	0	0	0	0	0
123	0.003947696	0	-3	2	-1	4	-4	3	-4	3	0	1	-1	2	-3	-3	-1	0	0	0	0	0	0	0	0	0	0	0	0	0	0	0	0
124	0.00396149	3	-1	-2	-2	-2	4	0	-4	3	0	-1	-3	-2	4	3	-1	0	0	0	0	0	0	0	0	0	0	0	0	0	0	0	0
126	0.003991196	3	2	2	-1	-4	1	4	3	1	3	-2	3	4	1	-2	3	0	0	0	0	0	0	0	0	0	0	0	0	0	0	0	0
127	0.003984782	1	-3	3	-1	-4	-4	-3	3	1	3	-2	3	4	1	-2	-3	0	0	0	0	0	0	0	0	0	0	0	0	0	0	0	0
129	0.003907492	-3	1	0	-3	-3	-2	-1	4	-2	0	1	-1	-1	2	1	-3	0	0	0	0	0	0	0	0	0	0	0	0	0	0	0	0
130	0.003909857	0	-1	-3	-4	0	-3	-4	-2	3	4	0	-2	-3	-3	-3	-3	0	0	0	0	0	0	0	0	0	0	0	0	0	0	0	0
131	0.003923449	-2	-2	-2	-1	-4	-4	-1	0	4	0	0	-2	-3	-3	1	-4	0	0	0	0	0	0	0	0	0	0	0	0	0	0	0	0
132	0.003972566	-3	-4	-2	-1	0	3	-4	3	-2	-3	-2	-2	2	3	-4	-1	0	0	0	0	0	0	0	0	0	0	0	0	0	0	0	0
133	0.004023199	3	4	-4	0	4	-4	-1	-3	4	2	-1	4	-4	3	-4	-4	0	0	0	0	0	0	0	0	0	0	0	0	0	0	0	0
134	0.003911394	-4	3	0	3	-3	0	-1	4	-2	0	0	-2	3	3	4	3	0	0	0	0	0	0	0	0	0	0	0	0	0	0	0	0
136	0.003946759	3	1	4	-4	-1	-2	1	-3	2	1	4	1	4	-4	-3	-3	0	0	0	0	0	0	0	0	0	0	0	0	0	0	0	0
138	0.003895854	3	4	-2	2	-3	0	-4	1	1	3	0	-2	1	0	-3	0	0	0	0	0	0	0	0	0	0	0	0	0	0	0	0	0
139	0.004124019	4	-3	4	-4	1	-4	-2	2	4	-4	0	2	-1	2	-1	-4	0	0	0	0	0	0	0	0	0	0	0	0	0	0	0	0
141	0.003927282	0	2	1	3	0	4	0	0	-1	4	-4	3	-2	1	-4	4	0	0	0	0	0	0	0	0	0	0	0	0	0	0	0	0
142	0.003965914	2	1	-2	-4	2	4	0	0	-1	4	-4	3	-2	2	2	4	0	0	0	0	0	0	0	0	0	0	0	0	0	0	0	0
144	0.003943655	3	-1	-2	-2	-2	-2	2	2	-4	1	-1	-3	-2	4	3	-1	0	0	0	0	0	0	0	0	0	0	0	0	0	0	0	0
147	0.003951014	1	-3	3	-1	0	2	2	-4	1	4	4	1	2	2	2	-3	0	0	0	0	0	0	0	0	0	0	0	0	0	0	0	0
148	0.003951845	1	2	-3	-1	0	2	2	-4	1	4	4	2	-3	4	1	-4	0	0	0	0	0	0	0	0	0	0	0	0	0	0	0	0
149	0.003892309	-3	1	0	-3	-3	-3	-4	-2	3	4	2	-1	-1	2	1	-3	0	0	0	0	0	0	0	0	0	0	0	0	0	0	0	0
150	0.003884228	0	-1	-2	-1	-4	-4	-1	0	4	0	0	-2	-3	-3	-3	-3	0	0	0	0	0	0	0	0	0	0	0	0	0	0	0	0
153	0.003955268	3	3	0	3	-3	0	-1	4	-1	4	2	2	-4	4	2	-4	0	0	0	0	0	0	0	0	0	0	0	0	0	0	0	0
154	0.003911738	-4	3	0	3	-3	0	-1	4	-1	4	2	2	-4	3	4	3	0	0	0	0	0	0	0	0	0	0	0	0	0	0	0	0
157	0.003906306	0	4	-2	2	-3	0	-4	1	1	3	0	-2	-1	2	-1	-4	0	0	0	0	0	0	0	0	0	0	0	0	0	0	0	0
158	0.003968961	3	4	-2	2	-3	-4	-2	2	4	-4	0	2	1	0	-3	0	0	0	0	0	0	0	0	0	0	0	0	0	0	0	0	0
159	0.004066592	4	-3	4	-4	1	0	-4	1	1	3	0	-2	-1	2	-1	-4	0	0	0	0	0	0	0	0	0	0	0	0	0	0	0	0
164	0.003990275	3	-1	-2	1	3	-2	2	2	-4	1	-1	-3	-2	4	3	-1	0	0	0	0	0	0	0	0	0	0	0	0	0	0	0	0
165	0.004104555	-3	-3	-4	1	3	-2	2	2	-4	1	-1	4	-3	-4	4	1	0	0	0	0	0	0	0	0	0	0	0	0	0	0	0	0
166	0.003959967	3	2	2	-1	-4	1	2	-2	1	3	-2	3	4	1	-2	3	0	0	0	0	0	0	0	0	0	0	0	0	0	0	0	0
167	0.003960191	1	-3	3	2	0	2	2	-4	1	4	4	1	2	2	2	-3	0	0	0	0	0	0	0	0	0	0	0	0	0	0	0	0
169	0.003901628	-3	1	0	-3	-3	-2	-1	4	-2	0	2	-1	-1	2	1	-3	0	0	0	0	0	0	0	0	0	0	0	0	0	0	0	0
170	0.003912268	0	-1	-3	-4	0	-3	2	-2	3	4	2	-2	-3	-3	-3	-3	0	0	0	0	0	0	0	0	0	0	0	0	0	0	0	0
172	0.004062374	-3	4	-4	0	4	-4	-1	-3	4	2	-1	4	-4	3	-4	-1	0	0	0	0	0	0	0	0	0	0	0	0	0	0	0	0
173	0.004050326	3	4	-4	0	4	-4	-1	-3	4	2	-1	2	-4	4	2	-4	0	0	0	0	0	0	0	0	0	0	0	0	0	0	0	0
174	0.003898499	-4	3	0	3	-3	0	1	0	-2	0	0	-2	3	3	4	3	0	0	0	0	0	0	0	0	0	0	0	0	0	0	0	0
175	0.003965464	4	-4	2	3	-1	-2	1	1	1	4	-3	0	1	0	-1	4	0	0	0	0	0	0	0	0	0	0	0	0	0	0	0	0
178	0.003973419	3	-2	-2	-4	1	-4	-2	2	4	-4	0	2	1	0	-3	0	0	0	0	0	0	0	0	0	0	0	0	0	0	0	0	0
181	0.003973057	0	2	1	-4	2	4	0	0	-1	4	-4	3	-2	1	-4	4	0	0	0	0	0	0	0	0	0	0	0	0	0	0	0	0
182	0.004004072	2	1	-2	-4	4	-4	3	1	-2	2	0	1	-2	2	2	4	0	0	0	0	0	0	0	0	0	0	0	0	0	0	0	0
185	0.004049575	-3	-3	-4	1	3	-2	2	2	-4	1	3	4	-3	-4	4	1	0	0	0	0	0	0	0	0	0	0	0	0	0	0	0	0
187	0.003924183	1	-3	3	-1	-4	-4	2	-4	1	4	4	1	2	2	2	-3	0	0	0	0	0	0	0	0	0	0	0	0	0	0	0	0
188	0.003975218	1	2	-3	-1	0	2	2	-4	1	4	4	1	2	4	1	-4	0	0	0	0	0	0	0	0	0	0	0	0	0	0	0	0
190	0.003924622	0	-1	-3	-4	0	1	-1	0	4	0	0	-2	-3	-3	-3	-3	0	0	0	0	0	0	0	0	0	0	0	0	0	0	0	0
191	0.003936622	-2	-2	-2	-1	-4	-4	-1	0	4	-3	-2	-2	2	0	1	-4	0	0	0	0	0	0	0	0	0	0	0	0	0	0	0	0
193	0.004019936	3	4	-4	3	-3	0	-1	4	-1	4	2	2	-4	4	2	-4	0	0	0	0	0	0	0	0	0	0	0	0	0	0	0	0
195	0.004055748	4	-4	4	-4	-1	-2	1	1	0	4	-3	0	1	0	-1	4	0	0	0	0	0	0	0	0	0	0	0	0	0	0	0	0
197	0.003953753	0	-3	-4	3	-3	0	-4	1	1	3	0	-2	-1	2	-1	-4	0	0	0	0	0	0	0	0	0	0	0	0	0	0	0	0
201	0.003972968	0	2	1	3	0	2	2	1	-3	1	3	-4	-2	1	-4	4	0	0	0	0	0	0	0	0	0	0	0	0	0	0	0	0
203	0.003933189	0	-3	2	-1	4	-4	3	1	-2	2	0	1	-2	-3	-3	-1	0	0	0	0	0	0	0	0	0	0	0	0	0	0	0	0
204	0.003979254	3	-1	-4	1	3	-2	2	2	2	1	-1	-3	-2	4	3	-1	0	0	0	0	0	0	0	0	0	0	0	0	0	0	0	0
208	0.003951768	1	2	-3	-1	-3	-2	-1	4	-2	0	1	2	-3	4	1	-4	0	0	0	0	0	0	0	0	0	0	0	0	0	0	0	0
210	0.003901232	0	-1	-3	-4	0	-3	-4	-2	3	4	2	-1	-3	-3	-3	-3	0	0	0	0	0	0	0	0	0	0	0	0	0	0	0	0
212	0.0039679	-3	-4	-2	-1	0	-4	-1	-3	4	2	-1	4	-4	3	-4	-1	0	0	0	0	0	0	0	0	0	0	0	0	0	0	0	0
213	0.003981488	3	4	-4	0	-1	-4	-1	-3	4	2	-1	4	-4	3	-4	-4	0	0	0	0	0	0	0	0	0	0	0	0	0	0	0	0
215	0.004001524	4	-4	2	3	3	0	1	0	-2	4	-3	0	1	0	-1	4	0	0	0	0	0	0	0	0	0	0	0	0	0	0	0	0
216	0.004021648	3	1	4	-4	-1	-2	1	1	0	4	-3	1	4	-4	-3	-3	0	0	0	0	0	0	0	0	0	0	0	0	0	0	0	0
218	0.003892153	3	4	-2	2	-3	0	-4	1	1	3	0	-2	-1	2	-1	0	0	0	0	0	0	0	0	0	0	0	0	0	0	0	0	0
219	0.004096779	4	-3	4	-4	1	-4	-2	2	4	-4	0	2	0	0	-3	-4	0	0	0	0	0	0	0	0	0	0	0	0	0	0	0	0
221	0.003965325	0	2	-2	-4	0	4	0	0	-1	4	-4	3	-2	1	-4	4	0	0	0	0	0	0	0	0	0	0	0	0	0	0	0	0
223	0.003929189	0	-3	2	-1	4	-4	3	1	3	0	1	-1	2	-3	-3	-1	0	0	0	0	0	0	0	0	0	0	0	0	0	0	0	0
226	0.003943212	3	2	2	-2	-4	1	4	-2	-1	3	3	4	-3	1	-2	3	0	0	0	0	0	0	0	0	0	0	0	0	0	0	0	0
228	0.003988568	1	2	-3	-1	0	2	2	-4	1	4	4	1	2	1	2	-3	0	0	0	0	0	0	0	0	0	0	0	0	0	0	0	0
229	0.003933677	-3	-2	0	-3	-3	-2	-1	4	-2	0	1	2	-3	4	1	-3	0	0	0	0	0	0	0	0	0	0	0	0	0	0	0	0
232	0.003977538	-3	-4	-2	-1	0	3	-4	3	-2	-3	1	-2	2	0	-4	-1	0	0	0	0	0	0	0	0	0	0	0	0	0	0	0	0
233	0.004046642	3	4	-4	0	4	-4	-1	-3	4	4	2	2	-4	4	2	-4	0	0	0	0	0	0	0	0	0	0	0	0	0	0	0	0
238	0.003896815	3	4	-2	2	-3	0	-4	1	1	-4	0	2	1	0	-3	0	0	0	0	0	0	0	0	0	0	0	0	0	0	0	0	0
239	0.004051969	4	-3	4	-4	1	-4	-2	2	4	3	0	-2	-1	2	-1	-4	0	0	0	0	0	0	0	0	0	0	0	0	0	0	0	0
241	0.004002068	0	2	1	3	0	-2	2	1	-3	4	-4	3	-2	1	-4	4	0	0	0	0	0	0	0	0	0	0	0	0	0	0	0	0
243	0.003961031	0	-3	2	-1	4	-4	3	1	-2	2	0	1	2	-3	-3	-1	0	0	0	0	0	0	0	0	0	0	0	0	0	0	0	0
245	0.004023845	-3	-3	-4	1	3	-2	2	2	-4	1	-1	-3	-2	-4	4	1	0	0	0	0	0	0	0	0	0	0	0	0	0	0	0	0
246	0.003945409	3	2	2	-1	-4	1	4	-2	-1	3	3	4	-3	1	-2	3	0	0	0	0	0	0	0	0	0	0	0	0	0	0	0	0
247	0.003996427	1	-3	3	-1	-4	-4	-3	3	1	3	-1	1	2	2	2	-3	0	0	0	0	0	0	0	0	0	0	0	0	0	0	0	0
248	0.003959398	1	1	0	-3	-3	-2	-1	4	-2	0	1	2	-3	4	1	-4	0	0	0	0	0	0	0	0	0	0	0	0	0	0	0	0
249	0.003909935	-3	1	0	-3	-3	-2	-1	4	-2	0	1	2	-1	2	1	-3	0	0	0	0	0	0	0	0	0	0	0	0	0	0	0	0
252	0.003958987	-3	-2	-2	-1	0	3	-4	-3	4	2	-1	4	-4	3	-4	-1	0	0	0	0	0	0	0	0	0	0	0	0	0	0	0	0
253	0.004086617	3	4	-4	0	4	-4	-1	-3	4	2	-1	4	-4	4	2	-4	0	0	0	0	0	0	0	0	0	0	0	0	0	0	0	0
262	0.003950943	2	1	-2	-4	2	4	0	0	-1	4	-4	1	-2	2	2	4	0	0	0	0	0	0	0	0	0	0	0	0	0	0	0	0
263	0.003929637	0	-3	-2	-2	-2	4	0	-4	3	0	1	-1	2	-3	-3	-1	0	0	0	0	0	0	0	0	0	0	0	0	0	0	0	0
266	0.003974576	3	2	2	-1	-4	-1	-3	3	1	3	-2	3	4	1	-2	3	0	0	0	0	0	0	0	0	0	0	0	0	0	0	0	0
267	0.004006403	1	-3	3	-1	-4	-4	-3	3	1	4	4	1	2	2	2	-3	0	0	0	0	0	0	0	0	0	0	0	0	0	0	0	0
268	0.003929767	1	2	-3	-1	0	2	2	-4	1	0	1	2	-3	4	1	-4	0	0	0	0	0	0	0	0	0	0	0	0	0	0	0	0
275	0.004038618	4	-4	2	-4	-1	-2	1	1	0	4	-3	0	1	0	-1	4	0	0	0	0	0	0	0	0	0	0	0	0	0	0	0	0
276	0.003942656	3	1	4	-4	-1	0	-1	-3	2	1	4	1	4	-4	-3	-3	0	0	0	0	0	0	0	0	0	0	0	0	0	0	0	0
278	0.003948962	3	4	-2	2	-3	0	-4	1	4	-4	0	2	1	0	-3	0	0	0	0	0	0	0	0	0	0	0	0	0	0	0	0	0
279	0.004024904	4	-3	4	-4	1	-4	-2	2	1	3	0	-2	-1	2	-1	-4	0	0	0	0	0	0	0	0	0	0	0	0	0	0	0	0
285	0.004052251	-3	-3	-4	1	3	1	4	-2	-1	3	3	4	-3	-4	4	1	0	0	0	0	0	0	0	0	0	0	0	0	0	0	0	0
286	0.003997513	3	2	2	-1	-4	1	4	-2	-1	3	-2	3	4	1	-2	3	0	0	0	0	0	0	0	0	0	0	0	0	0	0	0	0
290	0.003902173	0	-1	-3	-1	-4	-4	-1	0	4	0	0	-2	-3	-3	-3	-3	0	0	0	0	0	0	0	0	0	0	0	0	0	0	0	0
292	0.004015075	-3	-4	-2	-1	0	3	-4	3	-2	-3	-2	-2	-4	3	-4	-1	0	0	0	0	0	0	0	0	0	0	0	0	0	0	0	0
295	0.003974732	4	-4	2	3	3	0	1	0	0	4	-3	0	1	0	-1	4	0	0	0	0	0	0	0	0	0	0	0	0	0	0	0	0
297	0.003942794	0	-3	-4	3	3	0	-1	-3	2	3	0	-2	-1	2	-1	-4	0	0	0	0	0	0	0	0	0	0	0	0	0	0	0	0
301	0.003945898	0	2	2	3	0	-2	2	1	-3	1	3	3	-2	1	-4	4	0	0	0	0	0	0	0	0	0	0	0	0	0	0	0	0
302	0.003952894	2	1	-2	-4	2	4	0	0	-1	4	0	1	-2	2	2	4	0	0	0	0	0	0	0	0	0	0	0	0	0	0	0	0
303	0.003941267	0	-3	2	-1	4	4	0	-4	3	0	1	-1	2	-3	-3	-1	0	0	0	0	0	0	0	0	0	0	0	0	0	0	0	0
305	0.003974953	-3	-3	-4	-1	-4	1	4	-2	-1	3	3	4	-3	-4	4	1	0	0	0	0	0	0	0	0	0	0	0	0	0	0	0	0
306	0.003964756	3	2	2	-1	-4	1	4	-2	-1	3	3	3	4	1	-2	3	0	0	0	0	0	0	0	0	0	0	0	0	0	0	0	0
307	0.003989819	1	-3	3	-1	-4	-4	-3	3	1	3	4	1	2	2	2	-3	0	0	0	0	0	0	0	0	0	0	0	0	0	0	0	0
308	0.003954165	1	2	-3	-1	0	-2	-1	4	-2	0	1	2	-3	4	1	-4	0	0	0	0	0	0	0	0	0	0	0	0	0	0	0	0
311	0.003919081	-2	-2	-2	-1	-4	-4	-1	0	4	0	-2	-2	2	-1	1	-4	0	0	0	0	0	0	0	0	0	0	0	0	0	0	0	0
312	0.003906867	-3	-4	-2	-1	0	3	-4	3	-2	-3	-2	-2	2	0	1	-1	0	0	0	0	0	0	0	0	0	0	0	0	0	0	0	0
313	0.004092951	3	4	-4	0	4	-4	-1	-3	4	2	-1	4	-4	3	2	-4	0	0	0	0	0	0	0	0	0	0	0	0	0	0	0	0
315	0.004006061	4	-4	1	3	3	0	1	0	-2	4	-3	0	1	0	-1	4	0	0	0	0	0	0	0	0	0	0	0	0	0	0	0	0
317	0.003924927	0	-3	-2	2	-3	0	-4	1	1	3	0	-2	-1	2	-1	-4	0	0	0	0	0	0	0	0	0	0	0	0	0	0	0	0
318	0.003943039	3	4	-2	2	1	-4	-2	2	4	-4	0	2	1	0	-3	0	0	0	0	0	0	0	0	0	0	0	0	0	0	0	0	0
319	0.004111879	4	-3	4	-4	-3	0	-4	1	1	3	0	-2	-1	2	-1	-4	0	0	0	0	0	0	0	0	0	0	0	0	0	0	0	0
0	0.00394826	3	-3	0	-2	1	1	3	3	2	1	-2	-3	0	-3	-2	-3	0	0	0	0	0	0	0	0	0	0	0	0	0	0	0	0
1	0.003962103	3	-1	2	0	-1	0	-2	1	2	0	-1	1	-1	-1	2	3	0	0	0	0	0	0	0	0	0	0	0	0	0	0	0	0
2	0.003921291	-2	-3	3	-3	0	-2	-4	-1	1	-2	-2	-4	0	1	0	-3	0	0	0	0	0	0	0	0	0	0	0	0	0	0	0	0
3	0.003938456	-4	3	-4	-4	2	0	2	2	-4	1	-3	0	-4	0	1	-2	0	0	0	0	0	0	0	0	0	0	0	0	0	0	0	0
4	0.00387741	3	-2	3	-3	1	3	-2	1	1	-2	-3	-2	0	-1	-4	-1	0	0	0	0	0	0	0	0	0	0	0	0	0	0	0	0
5	0.004003749	2	-2	0	1	0	-1	-3	3	3	-1	-4	1	-2	-3	-2	3	0	0	0	0	0	0	0	0	0	0	0	0	0	0	0	0
6	0.003989347	-2	-4	1	-2	-4	-3	-2	2	-4	-4	3	-4	-3	2	-1	2	0	0	0	0	0	0	0	0	0	0	0	0	0	0	0	0
7	0.003932545	-4	-4	-3	-3	-2	1	-4	-1	3	-1	2	0	0	1	1	-4	0	0	0	0	0	0	0	0	0	0	0	0	0	0	0	0
8	0.003935831	2	2	-3	1	-3	-1	3	1	-3	2	2	3	-2	-3	-3	-2	0	0	0	0	0	0	0	0	0	0	0	0	0	0	0	0
9	0.003930744	2	-3	3	3	-1	2	-4	-4	1	2	-1	3	-3	-3	-4	-2	0	0	0	0	0	0	0	0	0	0	0	0	0	0	0	0
10	0.003992537	-1	1	2	-2	2	1	2	1	-2	-2	1	2	3	2	3	-3	0	0	0	0	0	0	0	0	0	0	0	0	0	0	0	0
11	0.003959985	2	-3	2	0	3	3	-2	3	-4	-3	-3	0	3	0	-3	-3	0	0	0	0	0	0	0	0	0	0	0	0	0	0	0	0
12	0.003970652	1	1	0	-2	-3	-3	-4	-2	0	1	-1	0	-3	-2	1	0	0	0	0	0	0	0	0	0	0	0	0	0	0	0	0	0
13	0.003967717	2	-4	-1	0	-3	-1	-3	2	0	1	2	-3	0	3	3	-2	0	0	0	0	0	0	0	0	0	0	0	0	0	0	0	0
14	0.003981995	1	0	1	-4	3	3	-4	-2	1	1	-2	2	2	-2	-3	3	0	0	0	0	0	0	0	0	0	0	0	0	0	0	0	0
15	0.003872561	-1	1	-4	0	-4	2	2	1	3	-1	0	3	3	2	-1	1	0	0	0	0	0	0	0	0	0	0	0	0	0	0	0	0
16	0.003904661	3	2	-2	-1	-1	-4	-1	-2	-1	-4	0	1	-3	3	0	2	0	0	0	0	0	0	0	0	0	0	0	0	0	0	0	0
17	0.003957159	2	-1	-2	-1	-2	1	-3	1	-2	-2	1	2	2	1	3	0	0	0	0	0	0	0	0	0	0	0	0	0	0	0	0	0
18	0.003984378	2	-1	-1	3	-4	-1	-4	-3	-4	-4	2	-4	-3	-2	-2	0	0	0	0	0	0	0	0	0	0	0	0	0	0	0	0	0
19	0.004007378	3	-4	0	-2	-4	-4	0	-1	-4	1	1	-1	-4	-4	-2	-3	0	0	0	0	0	0	0	0	0	0	0	0	0	0	0	0
20	0.003929584	2	1	-1	-2	-2	3	-3	3	0	2	-3	2	-2	-4	0	3	0	0	0	0	0	0	0	0	0	0	0	0	0	0	0	0
21	0.003936703	1	3	-3	-2	1	-3	3	-4	-3	-4	-3	-1	3	3	2	0	0	0	0	0	0	0	0	0	0	0	0	0	0	0	0	0
22	0.003944441	-3	-3	-1	-1	1	-4	1	-1	-1	-1	2	-2	0	0	-1	2	0	0	0	0	0	0	0	0	0	0	0	0	0	0	0	0
23	0.003968691	1	-2	1	3	-4	-1	2	2	-4	-2	0	-2	-2	-4	3	-4	0	0	0	0	0	0	0	0	0	0	0	0	0	0	0	0
24	0.003944758	0	3	1	2	3	-4	-2	2	-1	-2	1	3	-1	0	2	3	0	0	0	0	0	0	0	0	0	0	0	0	0	0	0	0
25	0.003914382	-4	0	2	-2	1	-2	-3	2	2	-3	1	-1	2	0	3	-4	0	0	0	0	0	0	0	0	0	0	0	0	0	0	0	0
26	0.003954449	1	-2	1	-2	-2	-1	3	2	-3	3	-4	0	3	-4	-4	0	0	0	0	0	0	0	0	0	0	0	0	0	0	0	0	0
27	0.003892312	-2	3	0	3	2	2	-2	2	-4	-3	-2	-4	2	-3	0	-2	0	0	0	0	0	0	0	0	0	0	0	0	0	0	0	0
28	0.003948707	2	3	-1	3	1	-1	2	-1	3	3	-2	3	0	-1	3	3	0	0	0	0	0	0	0	0	0	0	0	0	0	0	0	0
29	0.003941182	-4	-1	1	2	0	3	-3	0	0	0	-2	-3	0	-4	-3	-4	0	0	0	0	0	0	0	0	0	0	0	0	0	0	0	0
30	0.003861609	-2	-2	-1	-1	-1	0	3	1	3	0	-3	-1	1	3	-2	3	0	0	0	0	0	0	0	0	0	0	0	0	0	0	0	0
31	0.003918763	1	2	-1	0	-2	2	-3	0	0	2	-2	-1	-2	0	2	-3	0	0	0	0	0	0	0	0	0	0	0	0	0	0	0	0
32	0.004016668	1	-4	-2	0	-4	3	3	-1	1	-2	3	2	0	-1	-2	-4	0	0	0	0	0	0	0	0	0	0	0	0	0	0	0	0
33	0.00395498	0	-2	-3	-2	3	-3	-1	1	3	-3	-1	-3	2	-1	-4	-4	0	0	0	0	0	0	0	0	0	0	0	0	0	0	0	0
34	0.004042977	-1	-3	2	-4	-3	2	1	3	-3	3	-1	0	1	2	-3	-1	0	0	0	0	0	0	0	0	0	0	0	0	0	0	0	0
35	0.003945891	0	3	-3	-1	-4	2	2	0	2	0	-2	0	-1	-1	0	-4	0	0	0	0	0	0	0	0	0	0	0	0	0	0	0	0
36	0.003916676	0	-1	0	1	-2	-1	-3	-4	1	2	-1	2	-4	-3	-4	0	0	0	0	0	0	0	0	0	0	0	0	0	0	0	0	0
37	0.003944981	-1	1	3	2	-3	2	-2	1	-2	-1	2	1	0	3	3	-4	0	0	0	0	0	0	0	0	0	0	0	0	0	0	0	0
38	0.003975023	-2	-2	-3	3	2	-1	1	1	-4	2	0	1	2	-1	-1	-1	0	0	0	0	0	0	0	0	0	0	0	0	0	0	0	0
39	0.003929922	0	-4	-1	-3	-4	-1	-4	-1	-2	2	2	-4	-1	-3	2	-3	0	0	0	0	0	0	0	0	0	0	0	0	0	0	0	0
40	0.003906447	-3	2	-2	-2	3	0	1	0	-3	-2	1	0	-4	-3	-2	1	0	0	0	0	0	0	0	0	0	0	0	0	0	0	0	0
41	0.003916494	-3	-3	0	-3	0	-4	1	-2	-2	0	-3	-3	-4	0	-2	-3	0	0	0	0	0	0	0	0	0	0	0	0	0	0	0	0
42	0.003981017	1	-3	-1	2	1	2	2	-3	0	-2	2	-3	3	-2	0	-4	0	0	0	0	0	0	0	0	0	0	0	0	0	0	0	0
43	0.003956325	-4	1	-1	-4	0	3	-4	1	-3	-1	3	0	0	-2	-4	2	0	0	0	0	0	0	0	0	0	0	0	0	0	0	0	0
44	0.003961009	2	2	-3	1	0	1	-3	1	2	-4	-4	3	-2	2	0	3	0	0	0	0	0	0	0	0	0	0	0	0	0	0	0	0
45	0.003922299	2	2	-4	-4	2	1	-1	-2	-1	2	0	-3	2	-1	1	2	0	0	0	0	0	0	0	0	0	0	0	0	0	0	0	0
46	0.004064351	-2	0	1	3	0	-3	3	1	0	-2	0	-1	-4	-1	0	1	0	0	0	0	0	0	0	0	0	0	0	0	0	0	0	0
47	0.003913321	0	1	-2	-3	-4	-1	-3	0	1	-4	-2	3	2	1	2	-4	0	0	0	0	0	0	0	0	0	0	0	0	0	0	0	0
48	0.00393894	3	1	-2	-2	0	3	0	-4	3	-3	-2	0	-3	-1	0	-1	0	0	0	0	0	0	0	0	0	0	0	0	0	0	0	0
49	0.003927766	-2	2	1	0	-2	-3	3	-2	-4	2	-1	0	2	-1	-2	2	0	0	0	0	0	0	0	0	0	0	0	0	0	0	0	0
0	0.0039488 	-1	-1	-3	4	-4	-1	-4	-3	2	0	-2	-3	-3	1	-4	2	0	0	0	0	0	0	0	0	0	0	0	0	0	0	0	0
1	0.0039735 	-1	-2	0	3	-1	0	4	0	1	-2	-2	-3	-3	-1	4	-3	0	0	0	0	0	0	0	0	0	0	0	0	0	0	0	0
2	0.0039868 	4	-3	-1	-2	2	-3	-2	0	-2	-4	2	1	0	0	-2	1	0	0	0	0	0	0	0	0	0	0	0	0	0	0	0	0
3	0.0039464 	-1	4	3	3	-2	2	2	1	3	4	-1	-3	2	0	1	3	0	0	0	0	0	0	0	0	0	0	0	0	0	0	0	0
4	0.0040503 	1	-2	-4	-3	2	0	2	-4	-4	3	-3	0	1	0	3	-3	0	0	0	0	0	0	0	0	0	0	0	0	0	0	0	0
5	0.0039939 	0	1	-3	-3	1	2	-1	4	3	-1	-1	-3	-2	1	-2	-2	0	0	0	0	0	0	0	0	0	0	0	0	0	0	0	0
6	0.0039556 	4	-1	-4	3	-2	-4	-2	-3	-4	0	2	-4	-2	1	3	4	0	0	0	0	0	0	0	0	0	0	0	0	0	0	0	0
7	0.0039560 	-2	1	-1	-2	-2	0	3	4	4	2	2	-4	-2	3	3	-4	0	0	0	0	0	0	0	0	0	0	0	0	0	0	0	0
8	0.0039338 	-1	-4	-1	2	3	-4	2	-3	1	2	4	2	-2	1	0	1	0	0	0	0	0	0	0	0	0	0	0	0	0	0	0	0
9	0.0039585 	2	4	2	-3	0	1	-1	-1	3	1	0	-2	-3	1	1	1	0	0	0	0	0	0	0	0	0	0	0	0	0	0	0	0
