0	0.003120934	0	0	0	0	0	0	0	0	0	0	0	0	0	0	0	0	-1	2	2	2	1	1	2	-2	2	-1	0	0	-1	1	-1	-2
1	0.003405888	0	0	0	0	0	0	0	0	0	0	0	0	0	0	0	0	0	1	-1	0	1	2	-2	0	0	1	-1	0	2	-2	1	-1
2	0.003192365	0	0	0	0	0	0	0	0	0	0	0	0	0	0	0	0	-1	0	0	-2	-1	2	-2	0	-2	1	-1	-1	2	-1	1	0
3	0.003339317	0	0	0	0	0	0	0	0	0	0	0	0	0	0	0	0	-1	-1	-1	2	2	1	-2	-1	-1	1	0	0	-2	-1	0	1
4	0.00336039	0	0	0	0	0	0	0	0	0	0	0	0	0	0	0	0	-2	2	-2	-2	2	0	-2	1	1	-1	-2	-1	-1	-2	-2	0
5	0.003236921	0	0	0	0	0	0	0	0	0	0	0	0	0	0	0	0	-1	1	-2	1	1	1	2	0	2	0	2	0	0	-1	2	-1
6	0.003361123	0	0	0	0	0	0	0	0	0	0	0	0	0	0	0	0	1	-1	-1	-1	0	2	-1	-2	-1	0	-1	-2	0	-2	0	1
7	0.003695507	0	0	0	0	0	0	0	0	0	0	0	0	0	0	0	0	2	-1	0	1	1	2	-1	1	1	-1	0	0	2	0	-1	0
8	0.003231022	0	0	0	0	0	0	0	0	0	0	0	0	0	0	0	0	1	1	2	1	-2	-1	-1	-2	-2	0	1	1	0	-1	-1	-2
9	0.003225941	0	0	0	0	0	0	0	0	0	0	0	0	0	0	0	0	-2	-2	-2	-1	2	2	-1	2	-1	-1	-2	-1	-2	1	0	-1
10	0.003194476	0	0	0	0	0	0	0	0	0	0	0	0	0	0	0	0	-2	-1	-1	0	-2	2	-1	-2	0	-2	2	0	-2	1	-1	0
11	0.003279232	0	0	0	0	0	0	0	0	0	0	0	0	0	0	0	0	0	1	2	-1	-2	0	-2	-2	2	0	1	0	2	0	-1	-1
12	0.003351289	0	0	0	0	0	0	0	0	0	0	0	0	0	0	0	0	-2	1	-2	2	0	0	2	-1	-2	-1	1	-1	-2	0	-1	1
13	0.003265168	0	0	0	0	0	0	0	0	0	0	0	0	0	0	0	0	2	2	0	0	1	-2	-2	1	1	-1	1	0	0	-1	2	-2
14	0.003263589	0	0	0	0	0	0	0	0	0	0	0	0	0	0	0	0	-2	0	1	1	-2	1	0	1	-2	1	2	0	1	0	-2	-2
15	0.003274412	0	0	0	0	0	0	0	0	0	0	0	0	0	0	0	0	1	-1	0	1	0	0	-2	-2	-2	-1	-1	-1	-2	2	0	-1
16	0.003296008	0	0	0	0	0	0	0	0	0	0	0	0	0	0	0	0	0	1	-1	1	-1	-1	-2	1	-2	0	1	-2	0	-1	0	1
17	0.003264297	0	0	0	0	0	0	0	0	0	0	0	0	0	0	0	0	-2	-2	-2	-1	-2	-1	0	1	-2	-2	1	-1	0	2	1	1
18	0.003552691	0	0	0	0	0	0	0	0	0	0	0	0	0	0	0	0	-2	-1	2	-1	1	-2	1	0	-1	0	2	-2	1	1	1	-1
19	0.003188029	0	0	0	0	0	0	0	0	0	0	0	0	0	0	0	0	-1	0	2	2	1	-1	1	-1	0	1	-1	1	2	0	-2	2
21	0.003177856	0	0	0	0	0	0	0	0	0	0	0	0	0	0	0	0	0	1	2	-1	-2	0	-2	-2	0	1	-1	0	2	-2	1	-1
23	0.003699362	0	0	0	0	0	0	0	0	0	0	0	0	0	0	0	0	0	-1	2	-1	1	-2	1	0	-1	0	2	-2	1	1	1	-1
24	0.003227852	0	0	0	0	0	0	0	0	0	0	0	0	0	0	0	0	-2	1	-1	0	-2	2	-1	-2	0	-2	2	0	-2	1	-1	0
25	0.003472697	0	0	0	0	0	0	0	0	0	0	0	0	0	0	0	0	-2	-1	-1	0	-2	-1	-1	-2	-2	0	1	1	0	-1	-1	-2
26	0.003174564	0	0	0	0	0	0	0	0	0	0	0	0	0	0	0	0	1	1	2	1	1	2	-2	-1	-2	-1	1	-1	-2	0	-1	1
27	0.003226462	0	0	0	0	0	0	0	0	0	0	0	0	0	0	0	0	-2	1	-1	0	1	2	-2	0	0	1	-1	0	2	-2	1	-1
28	0.003650257	0	0	0	0	0	0	0	0	0	0	0	0	0	0	0	0	0	1	-2	1	1	2	-1	1	1	-1	0	0	2	0	-1	0
29	0.003467549	0	0	0	0	0	0	0	0	0	0	0	0	0	0	0	0	2	-1	0	2	0	0	2	0	2	0	1	0	2	0	-1	-1
30	0.003167716	0	0	0	0	0	0	0	0	0	0	0	0	0	0	0	0	1	-1	0	1	-2	1	0	1	-2	1	2	0	1	0	-2	-2
31	0.003065141	0	0	0	0	0	0	0	0	0	0	0	0	0	0	0	0	-2	0	1	1	0	0	-2	-2	-2	-1	2	0	1	0	-2	-2
33	0.003549399	0	0	0	0	0	0	0	0	0	0	0	0	0	0	0	0	-2	0	1	1	-2	1	1	0	-1	0	2	-2	1	1	1	-1
34	0.003219003	0	0	0	0	0	0	0	0	0	0	0	0	0	0	0	0	-2	-1	2	-1	1	-2	0	1	-2	1	-1	-1	-2	1	0	-1
35	0.003266553	0	0	0	0	0	0	0	0	0	0	0	0	0	0	0	0	-2	-2	-2	-1	2	2	-1	2	-1	-1	0	0	-2	-1	0	1
36	0.00316135	0	0	0	0	0	0	0	0	0	0	0	0	0	0	0	0	-1	-1	-1	2	2	1	-2	-1	-1	0	1	-2	0	-1	0	1
37	0.003369575	0	0	0	0	0	0	0	0	0	0	0	0	0	0	0	0	0	1	-1	-1	-2	0	-2	-2	2	0	1	0	2	0	-1	-1
38	0.003431139	0	0	0	0	0	0	0	0	0	0	0	0	0	0	0	0	0	1	2	1	-1	-1	0	1	-2	-2	1	-1	0	2	1	1
39	0.003614159	0	0	0	0	0	0	0	0	0	0	0	0	0	0	0	0	-2	-2	-2	-1	-2	-1	-2	1	-2	1	-2	-1	-2	2	0	-1
41	0.003801164	0	0	0	0	0	0	0	0	0	0	0	0	0	0	0	0	-2	0	1	1	-2	1	1	0	-1	0	2	0	-2	1	-1	0
44	0.003310279	0	0	0	0	0	0	0	0	0	0	0	0	0	0	0	0	-2	1	-1	1	1	2	-2	-1	-2	-1	1	-1	-2	0	-1	1
45	0.003211111	0	0	0	0	0	0	0	0	0	0	0	0	0	0	0	0	1	1	2	0	-2	2	-1	-2	0	-2	2	-2	2	-2	1	-1
46	0.003403995	0	0	0	0	0	0	0	0	0	0	0	0	0	0	0	0	0	1	2	-1	-2	0	-2	-2	0	1	-1	0	1	1	1	1
47	0.003647678	0	0	0	0	0	0	0	0	0	0	0	0	0	0	0	0	1	1	2	1	1	0	2	0	2	0	1	0	2	0	-1	-1
48	0.003107837	0	0	0	0	0	0	0	0	0	0	0	0	0	0	0	0	2	-1	0	2	0	2	-2	-1	-2	-1	1	-1	-2	0	-1	-1
49	0.003298887	0	0	0	0	0	0	0	0	0	0	0	0	0	0	0	0	-2	-1	2	-1	1	-2	0	-2	-2	0	1	1	0	-1	-1	-2
50	0.003203291	0	0	0	0	0	0	0	0	0	0	0	0	0	0	0	0	-2	-1	-1	0	-2	-1	-1	1	-2	1	2	0	1	0	-2	-2
51	0.003343425	0	0	0	0	0	0	0	0	0	0	0	0	0	0	0	0	1	-1	0	1	-2	1	0	1	-2	1	-1	-2	0	-1	0	1
52	0.003329657	0	0	0	0	0	0	0	0	0	0	0	0	0	0	0	0	-1	-1	0	2	0	0	2	0	2	0	1	0	2	0	-1	-1
53	0.003206125	0	0	0	0	0	0	0	0	0	0	0	0	0	0	0	0	2	-1	-1	2	2	1	-2	-1	-1	0	1	-2	0	-1	0	1
54	0.00318618	0	0	0	0	0	0	0	0	0	0	0	0	0	0	0	0	-1	-1	-1	2	2	-2	1	0	-1	0	2	-2	1	1	1	-1
56	0.003353437	0	0	0	0	0	0	0	0	0	0	0	0	0	0	0	0	0	-1	2	-1	1	1	-2	-2	0	1	-1	0	2	-2	1	-1
57	0.003264233	0	0	0	0	0	0	0	0	0	0	0	0	0	0	0	0	0	1	2	-1	-2	0	-2	-1	-1	0	1	0	2	0	-1	0
58	0.00319961	0	0	0	0	0	0	0	0	0	0	0	0	0	0	0	0	0	1	2	2	1	1	2	-2	2	-1	0	0	-1	1	-1	-2
59	0.003340047	0	0	0	0	0	0	0	0	0	0	0	0	0	0	0	0	-1	2	-2	1	1	2	-1	1	1	-1	0	-1	-2	1	0	-1
62	0.003152809	0	0	0	0	0	0	0	0	0	0	0	0	0	0	0	0	-2	-1	2	-1	1	1	-2	-2	0	1	-1	0	2	-2	1	-1
64	0.003311617	0	0	0	0	0	0	0	0	0	0	0	0	0	0	0	0	0	-1	2	-1	1	-2	0	-2	-2	0	1	1	0	-1	-1	1
65	0.003196609	0	0	0	0	0	0	0	0	0	0	0	0	0	0	0	0	-2	1	-1	1	1	2	-2	-1	-2	-1	1	-1	1	1	1	1
66	0.003273684	0	0	0	0	0	0	0	0	0	0	0	0	0	0	0	0	0	1	2	-1	-2	0	-1	-2	0	-2	2	0	-2	1	-1	0
67	0.003449683	0	0	0	0	0	0	0	0	0	0	0	0	0	0	0	0	-2	1	-1	0	-2	2	-2	-2	0	-1	1	-1	-2	0	-1	-1
68	0.003326089	0	0	0	0	0	0	0	0	0	0	0	0	0	0	0	0	2	-1	0	2	0	2	-2	-1	-2	1	-1	0	-2	1	-1	0
69	0.003066046	0	0	0	0	0	0	0	0	0	0	0	0	0	0	0	0	-2	1	-1	0	-2	2	-1	-2	0	-2	2	0	1	0	-2	-2
70	0.003338408	0	0	0	0	0	0	0	0	0	0	0	0	0	0	0	0	-2	0	1	1	0	0	-2	-2	-2	-1	2	0	-2	0	-1	0
71	0.003453946	0	0	0	0	0	0	0	0	0	0	0	0	0	0	0	0	0	1	0	1	-2	1	0	1	-2	1	-1	-2	0	-1	0	1
72	0.003307609	0	0	0	0	0	0	0	0	0	0	0	0	0	0	0	0	1	-1	2	-1	-2	0	-2	-1	-1	0	1	0	2	0	1	-1
73	0.003255513	0	0	0	0	0	0	0	0	0	0	0	0	0	0	0	0	1	1	2	0	-2	2	-1	-2	0	-2	2	-2	0	-1	-1	-2
74	0.003247312	0	0	0	0	0	0	0	0	0	0	0	0	0	0	0	0	-2	-1	2	-1	1	-2	0	-2	-2	0	1	1	2	-2	-1	0
75	0.003329541	0	0	0	0	0	0	0	0	0	0	0	0	0	0	0	0	-2	0	1	1	-2	1	1	0	-1	0	2	-2	2	-2	1	-1
76	0.00353462	0	0	0	0	0	0	0	0	0	0	0	0	0	0	0	0	1	1	1	1	-2	1	1	0	-1	0	2	0	-2	1	-1	0
77	0.003359124	0	0	0	0	0	0	0	0	0	0	0	0	0	0	0	0	-2	0	2	0	-2	0	-2	-2	0	1	-1	0	1	1	1	1
79	0.003204392	0	0	0	0	0	0	0	0	0	0	0	0	0	0	0	0	0	1	2	-1	-2	2	-1	-2	0	-2	2	0	-2	1	-1	-2
81	0.003238488	0	0	0	0	0	0	0	0	0	0	0	0	0	0	0	0	1	-1	2	-1	-2	0	-1	-2	0	-2	2	0	-2	1	-1	0
82	0.003227949	0	0	0	0	0	0	0	0	0	0	0	0	0	0	0	0	0	1	2	-1	-2	0	-2	-2	0	-2	2	0	-2	1	-1	0
83	0.003295595	0	0	0	0	0	0	0	0	0	0	0	0	0	0	0	0	0	1	2	-1	-2	-2	0	-2	-2	0	1	1	0	-1	-1	-2
84	0.003189219	0	0	0	0	0	0	0	0	0	0	0	0	0	0	0	0	-2	-1	2	-1	1	0	-1	-1	-1	-1	2	0	1	0	-2	-2
86	0.003127111	0	0	0	0	0	0	0	0	0	0	0	0	0	0	0	0	-2	0	1	1	0	2	-1	-2	0	-2	2	-2	0	-1	-1	-2
87	0.003329112	0	0	0	0	0	0	0	0	0	0	0	0	0	0	0	0	1	1	2	0	-2	0	-2	-2	-2	1	-1	0	1	1	1	1
90	0.003160849	0	0	0	0	0	0	0	0	0	0	0	0	0	0	0	0	-2	0	2	0	-2	0	-2	-2	0	0	1	0	2	-2	1	-1
91	0.003212175	0	0	0	0	0	0	0	0	0	0	0	0	0	0	0	0	-2	-1	2	-1	1	1	-2	-2	0	0	1	0	2	0	1	-1
92	0.003236235	0	0	0	0	0	0	0	0	0	0	0	0	0	0	0	0	1	-1	2	-1	-2	0	-2	-2	2	-1	0	0	-1	1	-1	-2
93	0.003030714	0	0	0	0	0	0	0	0	0	0	0	0	0	0	0	0	0	1	2	2	1	2	-1	-2	0	-2	2	0	-2	1	-1	-2
94	0.00355422	0	0	0	0	0	0	0	0	0	0	0	0	0	0	0	0	0	1	2	-1	-2	1	2	-1	-1	-1	2	0	-2	0	-1	0
95	0.003673064	0	0	0	0	0	0	0	0	0	0	0	0	0	0	0	0	-2	0	1	1	0	2	-2	-1	-2	1	-1	0	-2	1	-1	0
96	0.003149799	0	0	0	0	0	0	0	0	0	0	0	0	0	0	0	0	2	-1	0	2	0	0	-2	-2	-2	-1	2	0	-2	0	-1	0
98	0.003161904	0	0	0	0	0	0	0	0	0	0	0	0	0	0	0	0	-2	0	1	1	0	0	-2	-2	-2	-2	2	-2	0	-1	-1	-2
99	0.003292973	0	0	0	0	0	0	0	0	0	0	0	0	0	0	0	0	1	1	2	0	-2	2	-1	-2	0	1	-1	0	2	0	1	-1
101	0.00353075	0	0	0	0	0	0	0	0	0	0	0	0	0	0	0	0	-2	0	2	0	-2	0	-2	-2	-1	-1	2	0	-2	0	-1	0
102	0.003412466	0	0	0	0	0	0	0	0	0	0	0	0	0	0	0	0	0	1	2	-1	-2	0	-2	-2	-2	-1	2	0	-2	0	-1	0
103	0.003061714	0	0	0	0	0	0	0	0	0	0	0	0	0	0	0	0	2	-1	0	2	0	1	2	-2	0	-2	2	0	-2	1	-1	-2
104	0.00312403	0	0	0	0	0	0	0	0	0	0	0	0	0	0	0	0	0	1	2	2	1	2	-1	-1	0	0	2	-2	2	-2	1	-1
105	0.003510087	0	0	0	0	0	0	0	0	0	0	0	0	0	0	0	0	-2	0	1	1	-2	1	1	0	-1	0	1	0	2	0	1	-1
106	0.003149254	0	0	0	0	0	0	0	0	0	0	0	0	0	0	0	0	1	1	2	0	-2	2	-1	-2	0	-2	2	0	-2	1	-1	0
108	0.003396576	0	0	0	0	0	0	0	0	0	0	0	0	0	0	0	0	-2	0	2	0	-2	0	-2	-2	0	0	1	-2	0	-1	-1	-2
109	0.003114104	0	0	0	0	0	0	0	0	0	0	0	0	0	0	0	0	-2	0	1	1	0	2	-1	-2	2	-1	0	0	-1	1	-1	-2
110	0.003308415	0	0	0	0	0	0	0	0	0	0	0	0	0	0	0	0	1	-1	2	-1	-2	0	-2	-2	0	-2	2	0	2	-2	1	-1
111	0.0030513	0	0	0	0	0	0	0	0	0	0	0	0	0	0	0	0	0	1	2	2	1	2	-1	-2	0	-2	2	0	-2	1	-1	0
112	0.003183542	0	0	0	0	0	0	0	0	0	0	0	0	0	0	0	0	0	1	2	-1	-2	0	-2	-2	0	-2	2	0	1	0	-2	-2
113	0.003258589	0	0	0	0	0	0	0	0	0	0	0	0	0	0	0	0	-2	0	1	1	0	0	-2	-2	-2	-1	2	0	-2	1	-1	-2
114	0.003212258	0	0	0	0	0	0	0	0	0	0	0	0	0	0	0	0	-2	0	1	1	0	0	-2	-2	-2	1	-1	0	2	0	1	-1
115	0.003214643	0	0	0	0	0	0	0	0	0	0	0	0	0	0	0	0	1	1	2	0	-2	2	-1	-2	0	0	1	1	0	-1	-1	-2
116	0.003255678	0	0	0	0	0	0	0	0	0	0	0	0	0	0	0	0	0	1	2	-1	-2	-2	0	-1	-1	-1	2	0	1	0	-2	-2
118	0.003107899	0	0	0	0	0	0	0	0	0	0	0	0	0	0	0	0	-2	-1	2	-1	1	0	-1	-2	-2	-1	2	0	1	0	-2	-2
121	0.003208299	0	0	0	0	0	0	0	0	0	0	0	0	0	0	0	0	1	-1	2	-1	-2	0	-2	-2	0	-2	2	0	1	0	-2	-2
122	0.00320099	0	0	0	0	0	0	0	0	0	0	0	0	0	0	0	0	0	1	2	-1	-2	0	-2	-2	-2	-1	2	0	1	0	-2	-2
124	0.003059344	0	0	0	0	0	0	0	0	0	0	0	0	0	0	0	0	-2	0	1	1	0	0	-2	-2	0	-2	2	0	2	-1	-1	-2
125	0.003210906	0	0	0	0	0	0	0	0	0	0	0	0	0	0	0	0	1	1	2	0	-2	2	-1	-2	0	0	2	-2	2	-2	1	-1
126	0.003223436	0	0	0	0	0	0	0	0	0	0	0	0	0	0	0	0	0	1	2	2	1	2	-1	-1	0	0	1	1	0	-2	-1	0
127	0.003058476	0	0	0	0	0	0	0	0	0	0	0	0	0	0	0	0	0	1	2	2	1	2	-1	-2	0	-2	2	0	1	0	-2	-2
128	0.003258665	0	0	0	0	0	0	0	0	0	0	0	0	0	0	0	0	0	1	2	-1	-2	0	-2	-2	0	-2	2	0	-2	1	1	-2
129	0.003017719	0	0	0	0	0	0	0	0	0	0	0	0	0	0	0	0	-2	1	2	2	1	2	-1	-2	0	-2	2	0	-2	1	-1	0
130	0.003290293	0	0	0	0	0	0	0	0	0	0	0	0	0	0	0	0	0	0	1	1	0	2	-1	-2	2	0	2	-2	2	-2	1	-1
131	0.003276068	0	0	0	0	0	0	0	0	0	0	0	0	0	0	0	0	0	0	1	1	0	0	-2	-2	-2	1	-1	0	2	0	1	-1
132	0.003211384	0	0	0	0	0	0	0	0	0	0	0	0	0	0	0	0	-2	1	2	2	1	2	-1	-1	0	-1	0	0	-1	1	-1	-1
133	0.003258478	0	0	0	0	0	0	0	0	0	0	0	0	0	0	0	0	0	1	2	-1	-2	0	-2	-2	-2	1	-1	0	2	0	1	-1
134	0.003207175	0	0	0	0	0	0	0	0	0	0	0	0	0	0	0	0	-2	0	2	0	-2	2	-1	-2	0	-2	2	0	-2	1	-1	0
135	0.003185309	0	0	0	0	0	0	0	0	0	0	0	0	0	0	0	0	1	1	1	1	0	0	-2	-2	-2	-1	2	0	-2	1	-1	-2
136	0.003212155	0	0	0	0	0	0	0	0	0	0	0	0	0	0	0	0	0	1	2	2	1	2	-2	-2	0	0	1	-2	0	-1	-1	-2
137	0.003321964	0	0	0	0	0	0	0	0	0	0	0	0	0	0	0	0	-2	0	2	0	-2	0	-1	-2	0	-2	2	0	-2	0	-1	-2
139	0.003080013	0	0	0	0	0	0	0	0	0	0	0	0	0	0	0	0	2	-1	0	2	0	1	2	-2	0	-2	2	0	-2	1	-1	0
142	0.003263032	0	0	0	0	0	0	0	0	0	0	0	0	0	0	0	0	1	-1	2	-1	-2	0	-2	-2	0	-2	2	0	1	0	-1	0
144	0.003200709	0	0	0	0	0	0	0	0	0	0	0	0	0	0	0	0	0	-1	2	-1	-2	0	-2	-2	0	-2	2	0	1	0	-2	-2
145	0.003259422	0	0	0	0	0	0	0	0	0	0	0	0	0	0	0	0	1	1	2	2	1	2	-1	-1	0	0	2	0	1	0	-2	-2
146	0.00327025	0	0	0	0	0	0	0	0	0	0	0	0	0	0	0	0	1	-1	2	-1	-2	0	-2	-2	0	-2	1	1	0	-2	1	-2
147	0.003139885	0	0	0	0	0	0	0	0	0	0	0	0	0	0	0	0	0	-1	0	2	0	1	2	-2	0	-2	2	0	-2	1	-1	0
148	0.003302985	0	0	0	0	0	0	0	0	0	0	0	0	0	0	0	0	2	1	2	-1	-2	0	-2	-2	0	-1	0	0	-1	1	-1	-1
149	0.003065605	0	0	0	0	0	0	0	0	0	0	0	0	0	0	0	0	-2	1	2	2	1	0	-1	-2	0	-2	2	0	-2	0	-1	-2
150	0.003200413	0	0	0	0	0	0	0	0	0	0	0	0	0	0	0	0	-2	0	2	0	-2	2	-1	-1	0	-2	2	0	-2	1	-2	-1
151	0.003260036	0	0	0	0	0	0	0	0	0	0	0	0	0	0	0	0	0	1	2	-1	-2	0	-2	-2	-2	1	2	0	1	0	-2	-2
154	0.003055421	0	0	0	0	0	0	0	0	0	0	0	0	0	0	0	0	-2	0	1	1	-2	0	-2	-2	0	-2	2	0	1	0	-2	-2
155	0.003389126	0	0	0	0	0	0	0	0	0	0	0	0	0	0	0	0	1	-1	2	-1	0	0	-2	-1	0	0	1	1	0	-2	-1	0
158	0.003047055	0	0	0	0	0	0	0	0	0	0	0	0	0	0	0	0	0	1	2	2	1	2	-1	-2	0	-2	2	0	2	-1	-1	-2
159	0.003150685	0	0	0	0	0	0	0	0	0	0	0	0	0	0	0	0	-2	0	1	1	0	0	-2	-2	-2	-1	-1	0	2	0	1	-2
0	0.003252852	0	0	0	0	0	0	0	0	0	0	0	0	0	0	0	0	2	0	2	2	-1	-1	-2	-1	1	-1	1	0	0	-1	-1	-2
1	0.003500555	0	0	0	0	0	0	0	0	0	0	0	0	0	0	0	0	-2	2	1	2	0	-1	1	0	-2	1	-2	0	-1	1	1	2
2	0.003857135	0	0	0	0	0	0	0	0	0	0	0	0	0	0	0	0	2	-1	-2	1	0	-1	-1	1	-1	1	-2	2	0	1	-2	1
3	0.003209287	0	0	0	0	0	0	0	0	0	0	0	0	0	0	0	0	1	1	1	2	-2	-1	1	-1	2	2	-1	1	0	0	1	2
4	0.003368522	0	0	0	0	0	0	0	0	0	0	0	0	0	0	0	0	1	0	0	2	0	-2	-1	-1	-2	0	0	1	1	-2	-2	0
5	0.003333525	0	0	0	0	0	0	0	0	0	0	0	0	0	0	0	0	1	-1	2	-1	1	-2	1	-1	-1	2	0	-2	1	0	0	1
6	0.003753044	0	0	0	0	0	0	0	0	0	0	0	0	0	0	0	0	-1	2	-2	0	-1	1	2	1	-2	2	0	1	-2	0	1	0
7	0.003492581	0	0	0	0	0	0	0	0	0	0	0	0	0	0	0	0	0	0	-1	-2	-1	2	-2	-2	0	2	-2	-1	-1	-1	1	0
8	0.003153784	0	0	0	0	0	0	0	0	0	0	0	0	0	0	0	0	0	2	0	1	-2	-2	2	0	0	0	-2	1	1	2	-2	-2
9	0.003143783	0	0	0	0	0	0	0	0	0	0	0	0	0	0	0	0	-1	0	2	-1	1	1	-2	2	-2	1	-1	1	-2	-2	-2	2
10	0.003651701	0	0	0	0	0	0	0	0	0	0	0	0	0	0	0	0	2	-1	0	-2	-1	-1	2	2	-1	-2	2	-1	0	-2	2	0
11	0.00303347	0	0	0	0	0	0	0	0	0	0	0	0	0	0	0	0	-2	2	0	-1	-2	0	2	2	1	0	-2	-2	2	0	-2	2
12	0.003191914	0	0	0	0	0	0	0	0	0	0	0	0	0	0	0	0	1	1	-1	-2	-2	1	1	0	2	-1	1	-2	-1	1	1	1
13	0.003256815	0	0	0	0	0	0	0	0	0	0	0	0	0	0	0	0	-2	1	-1	-2	0	1	-1	2	0	-1	-2	0	2	-2	-2	-1
14	0.0032454	0	0	0	0	0	0	0	0	0	0	0	0	0	0	0	0	0	-2	2	1	0	1	0	-2	1	0	1	1	-2	-1	-1	0
15	0.003619615	0	0	0	0	0	0	0	0	0	0	0	0	0	0	0	0	-1	2	1	-1	-2	0	2	1	-1	0	1	0	-1	-1	0	-1
16	0.003364203	0	0	0	0	0	0	0	0	0	0	0	0	0	0	0	0	1	2	1	1	1	2	0	1	-2	2	-1	-2	2	1	2	0
17	0.003029811	0	0	0	0	0	0	0	0	0	0	0	0	0	0	0	0	2	-2	0	-2	1	2	2	1	-2	-2	-1	1	1	2	-1	1
18	0.00323913	0	0	0	0	0	0	0	0	0	0	0	0	0	0	0	0	0	0	-2	1	2	-1	0	0	-2	0	1	-1	2	0	2	2
19	0.003312347	0	0	0	0	0	0	0	0	0	0	0	0	0	0	0	0	-2	1	-2	-1	0	0	0	0	0	1	-1	2	2	2	2	2
20	0.003562062	0	0	0	0	0	0	0	0	0	0	0	0	0	0	0	0	-2	0	-1	-2	-2	1	1	0	-1	2	-2	1	-1	0	1	2
21	0.003284275	0	0	0	0	0	0	0	0	0	0	0	0	0	0	0	0	-1	-2	0	1	2	1	0	2	-2	2	-1	1	-2	0	-2	-1
22	0.003151562	0	0	0	0	0	0	0	0	0	0	0	0	0	0	0	0	2	-2	1	1	0	1	0	-1	0	2	-2	-1	-1	1	2	-1
23	0.003421899	0	0	0	0	0	0	0	0	0	0	0	0	0	0	0	0	-1	0	2	1	-1	0	2	1	2	-1	-1	0	0	-1	2	2
24	0.003879408	0	0	0	0	0	0	0	0	0	0	0	0	0	0	0	0	-1	2	-2	0	1	1	-2	-2	-1	1	-1	-1	-1	2	-2	0
25	0.0035402	0	0	0	0	0	0	0	0	0	0	0	0	0	0	0	0	1	1	0	2	-1	2	0	1	-2	0	0	2	1	2	2	1
26	0.003119322	0	0	0	0	0	0	0	0	0	0	0	0	0	0	0	0	1	-2	0	2	2	1	-1	-2	2	1	0	-1	-2	1	-1	2
27	0.00330041	0	0	0	0	0	0	0	0	0	0	0	0	0	0	0	0	-1	-2	1	0	0	-1	-2	-2	1	-1	2	1	0	0	0	2
28	0.003269383	0	0	0	0	0	0	0	0	0	0	0	0	0	0	0	0	-1	0	0	2	0	-2	0	-1	-2	-2	-1	1	1	0	-2	-2
29	0.003611126	0	0	0	0	0	0	0	0	0	0	0	0	0	0	0	0	2	-1	2	2	1	-2	-1	1	0	-1	1	2	-2	-1	0	1
30	0.003132274	0	0	0	0	0	0	0	0	0	0	0	0	0	0	0	0	-2	0	2	0	-1	-2	-2	-2	-2	0	-1	2	2	-1	1	-1
31	0.003299853	0	0	0	0	0	0	0	0	0	0	0	0	0	0	0	0	-1	2	1	0	1	2	-2	2	0	0	0	-2	-2	2	2	-2
32	0.003173286	0	0	0	0	0	0	0	0	0	0	0	0	0	0	0	0	-2	1	-1	1	2	-1	0	0	-2	-1	0	-2	1	-2	2	-1
33	0.003445761	0	0	0	0	0	0	0	0	0	0	0	0	0	0	0	0	0	-1	0	2	2	-2	-2	1	-2	1	-2	0	-1	0	0	1
34	0.003055062	0	0	0	0	0	0	0	0	0	0	0	0	0	0	0	0	-1	1	0	-1	1	1	-2	-1	-2	-2	2	2	-1	-2	1	-2
35	0.003200605	0	0	0	0	0	0	0	0	0	0	0	0	0	0	0	0	0	-2	1	-1	0	1	-2	-1	-2	2	-2	2	0	2	-2	2
36	0.003467508	0	0	0	0	0	0	0	0	0	0	0	0	0	0	0	0	-2	0	2	2	-2	2	0	-1	-1	1	1	0	0	0	0	-2
37	0.003331772	0	0	0	0	0	0	0	0	0	0	0	0	0	0	0	0	-2	-1	-1	-2	1	-1	0	0	-2	0	1	-1	0	2	1	-2
38	0.003080543	0	0	0	0	0	0	0	0	0	0	0	0	0	0	0	0	-2	-2	-2	-2	-2	-1	1	2	2	2	-1	2	0	0	1	1
39	0.00358081	0	0	0	0	0	0	0	0	0	0	0	0	0	0	0	0	-1	-2	-2	-2	-2	-1	-1	1	0	-2	-1	0	-1	-2	-2	-2
40	0.003226029	0	0	0	0	0	0	0	0	0	0	0	0	0	0	0	0	-1	-1	-2	2	2	1	-2	2	-1	1	-2	-1	1	-1	0	-2
41	0.003204351	0	0	0	0	0	0	0	0	0	0	0	0	0	0	0	0	2	1	-1	1	-1	2	2	0	1	-1	-2	2	2	-1	-1	1
42	0.003021866	0	0	0	0	0	0	0	0	0	0	0	0	0	0	0	0	-1	-2	2	-1	1	2	2	-2	-2	1	-2	-1	2	1	-2	1
43	0.003012771	0	0	0	0	0	0	0	0	0	0	0	0	0	0	0	0	1	0	0	1	2	2	-2	-1	0	-2	2	2	-1	2	0	-1
44	0.003142717	0	0	0	0	0	0	0	0	0	0	0	0	0	0	0	0	-2	2	-2	-1	0	-1	-2	-1	2	-2	2	-2	-1	1	-1	-2
45	0.003207361	0	0	0	0	0	0	0	0	0	0	0	0	0	0	0	0	2	0	-2	-1	-1	-2	1	0	-1	-2	-2	1	1	-1	1	-2
46	0.003293071	0	0	0	0	0	0	0	0	0	0	0	0	0	0	0	0	-2	-2	-2	1	-2	1	0	-1	-2	-2	0	0	1	-1	-2	0
47	0.003120623	0	0	0	0	0	0	0	0	0	0	0	0	0	0	0	0	-2	1	2	-2	0	2	-2	0	-1	-2	2	-2	-1	-1	-1	1
48	0.003028559	0	0	0	0	0	0	0	0	0	0	0	0	0	0	0	0	-1	1	-1	1	0	-2	2	2	2	-1	-2	-1	-2	-1	1	-2
49	0.003088564	0	0	0	0	0	0	0	0	0	0	0	0	0	0	0	0	0	-1	0	1	-2	0	2	-1	2	1	-2	0	-2	0	1	2
51	0.003119212	0	0	0	0	0	0	0	0	0	0	0	0	0	0	0	0	0	-1	0	1	-2	0	2	-1	2	1	-2	0	0	2	-2	2
52	0.003189943	0	0	0	0	0	0	0	0	0	0	0	0	0	0	0	0	0	-2	2	2	-2	2	0	-1	-1	1	1	0	0	0	0	-2
53	0.003435091	0	0	0	0	0	0	0	0	0	0	0	0	0	0	0	0	-2	0	1	-1	0	1	-2	-1	-2	2	-2	2	-2	0	1	-2
55	0.003369099	0	0	0	0	0	0	0	0	0	0	0	0	0	0	0	0	-1	2	1	0	1	2	-2	2	0	0	0	-2	-2	2	-2	2
56	0.00307566	0	0	0	0	0	0	0	0	0	0	0	0	0	0	0	0	-1	-2	-2	-2	-2	-1	1	2	2	2	-1	2	0	0	1	1
57	0.003114723	0	0	0	0	0	0	0	0	0	0	0	0	0	0	0	0	-2	0	2	-1	1	0	2	-1	2	1	-2	0	-2	0	1	2
58	0.003454076	0	0	0	0	0	0	0	0	0	0	0	0	0	0	0	0	0	-1	0	1	-2	1	-2	2	-2	1	-1	1	-2	-2	2	2
60	0.003653683	0	0	0	0	0	0	0	0	0	0	0	0	0	0	0	0	-1	-1	2	2	1	-2	-1	1	0	-1	1	2	-2	-1	0	1
61	0.003221251	0	0	0	0	0	0	0	0	0	0	0	0	0	0	0	0	2	-2	0	1	2	1	0	2	-2	2	-1	1	-2	0	-2	-1
62	0.003179646	0	0	0	0	0	0	0	0	0	0	0	0	0	0	0	0	1	1	-1	-2	-2	-2	1	-1	-1	2	0	-2	1	0	0	1
63	0.003590063	0	0	0	0	0	0	0	0	0	0	0	0	0	0	0	0	1	-1	2	-1	1	1	1	0	2	-1	1	-2	0	-1	2	2
64	0.003221708	0	0	0	0	0	0	0	0	0	0	0	0	0	0	0	0	-1	0	2	1	1	2	0	1	-2	2	-1	-2	2	1	2	0
65	0.003370128	0	0	0	0	0	0	0	0	0	0	0	0	0	0	0	0	1	2	1	-1	0	0	0	0	0	1	-1	2	2	2	2	2
66	0.003286234	0	0	0	0	0	0	0	0	0	0	0	0	0	0	0	0	-2	1	-2	1	-1	0	2	1	2	-1	-1	1	1	2	-1	1
67	0.00315447	0	0	0	0	0	0	0	0	0	0	0	0	0	0	0	0	2	-2	0	-2	1	2	1	0	-1	-2	-2	1	1	-1	1	-2
68	0.003091983	0	0	0	0	0	0	0	0	0	0	0	0	0	0	0	0	2	0	-2	-1	-1	-2	2	1	-2	-2	-1	0	2	1	2	0
69	0.003483146	0	0	0	0	0	0	0	0	0	0	0	0	0	0	0	0	1	2	1	1	1	2	0	1	-2	2	-1	-2	-1	1	1	2
70	0.003644066	0	0	0	0	0	0	0	0	0	0	0	0	0	0	0	0	0	-1	0	1	-2	1	-2	-1	-2	2	-2	2	0	2	-2	2
71	0.003211476	0	0	0	0	0	0	0	0	0	0	0	0	0	0	0	0	0	-2	1	-1	0	0	2	-1	2	1	-2	0	-2	-1	1	-2
72	0.002984843	0	0	0	0	0	0	0	0	0	0	0	0	0	0	0	0	2	0	-2	-1	-1	-2	1	0	2	1	-2	0	-2	0	1	2
73	0.003310291	0	0	0	0	0	0	0	0	0	0	0	0	0	0	0	0	0	-1	0	1	-2	0	2	-1	-1	2	0	-2	1	0	0	1
74	0.002957828	0	0	0	0	0	0	0	0	0	0	0	0	0	0	0	0	1	-1	2	-1	1	-2	1	-1	-2	2	-2	2	0	2	-2	2
75	0.003145994	0	0	0	0	0	0	0	0	0	0	0	0	0	0	0	0	0	-2	1	-2	-2	1	1	0	-1	2	-2	1	-1	0	1	2
76	0.003116596	0	0	0	0	0	0	0	0	0	0	0	0	0	0	0	0	-2	0	-2	-2	-2	-1	1	2	2	2	-1	2	0	0	1	1
77	0.003201847	0	0	0	0	0	0	0	0	0	0	0	0	0	0	0	0	-2	-2	-1	-1	0	1	-2	0	-1	-2	2	-2	-1	-1	-1	1
78	0.003069792	0	0	0	0	0	0	0	0	0	0	0	0	0	0	0	0	-2	1	2	-2	0	2	-2	-1	-1	-2	-2	1	1	0	1	1
80	0.003094219	0	0	0	0	0	0	0	0	0	0	0	0	0	0	0	0	0	-1	0	1	-2	0	2	2	2	-1	-2	-1	-2	-1	1	-2
82	0.003080005	0	0	0	0	0	0	0	0	0	0	0	0	0	0	0	0	-1	1	-1	1	0	-2	2	-1	2	1	-2	0	-2	-1	-1	1
83	0.003125243	0	0	0	0	0	0	0	0	0	0	0	0	0	0	0	0	-2	1	2	-2	0	2	-2	0	-1	-2	2	-2	-1	0	1	2
84	0.003283197	0	0	0	0	0	0	0	0	0	0	0	0	0	0	0	0	-1	2	-2	0	-1	1	2	1	-2	2	0	1	-1	-2	1	-2
85	0.003551949	0	0	0	0	0	0	0	0	0	0	0	0	0	0	0	0	-1	1	0	-1	1	1	-2	-1	-2	2	-1	1	-2	0	-2	-1
86	0.003338848	0	0	0	0	0	0	0	0	0	0	0	0	0	0	0	0	-1	-2	0	1	2	1	0	2	-2	-2	0	0	1	-1	-2	0
87	0.003111097	0	0	0	0	0	0	0	0	0	0	0	0	0	0	0	0	-2	-2	-2	1	-2	2	2	0	1	-1	-2	2	2	-1	-1	1
88	0.003182295	0	0	0	0	0	0	0	0	0	0	0	0	0	0	0	0	2	1	-1	1	-1	1	0	-1	-2	-2	2	0	-2	0	1	2
89	0.003069638	0	0	0	0	0	0	0	0	0	0	0	0	0	0	0	0	0	-1	0	1	-2	0	2	-1	2	1	-2	2	-2	0	1	0
90	0.003089144	0	0	0	0	0	0	0	0	0	0	0	0	0	0	0	0	2	0	-2	-1	-1	-2	2	1	-2	-2	-1	1	1	2	-1	1
91	0.003332173	0	0	0	0	0	0	0	0	0	0	0	0	0	0	0	0	2	-2	0	-2	1	-1	0	0	-2	0	1	-1	0	2	1	-2
93	0.003372282	0	0	0	0	0	0	0	0	0	0	0	0	0	0	0	0	-2	-1	-1	-1	-1	-2	1	0	-1	-2	-2	1	1	-1	1	-2
94	0.003181654	0	0	0	0	0	0	0	0	0	0	0	0	0	0	0	0	2	0	-2	-2	1	2	1	0	-1	-2	-2	1	1	2	-2	-2
95	0.003212949	0	0	0	0	0	0	0	0	0	0	0	0	0	0	0	0	0	2	0	1	-1	0	2	1	2	-1	-1	0	0	-1	2	2
96	0.003067182	0	0	0	0	0	0	0	0	0	0	0	0	0	0	0	0	-1	0	2	-2	0	1	-1	2	0	-1	-2	0	2	-2	-2	-1
97	0.003249026	0	0	0	0	0	0	0	0	0	0	0	0	0	0	0	0	-2	1	-1	1	-2	-2	2	0	0	0	-2	1	1	-1	1	0
98	0.003179414	0	0	0	0	0	0	0	0	0	0	0	0	0	0	0	0	0	0	-1	-2	-1	2	1	0	-1	-2	-2	1	1	-1	1	-2
99	0.003335929	0	0	0	0	0	0	0	0	0	0	0	0	0	0	0	0	2	0	-2	-1	-1	-2	-2	-2	0	2	-2	-1	-1	-1	1	-2
103	0.003065681	0	0	0	0	0	0	0	0	0	0	0	0	0	0	0	0	-2	0	2	-1	1	-2	2	1	-2	-2	-1	1	1	2	-1	1
104	0.003512706	0	0	0	0	0	0	0	0	0	0	0	0	0	0	0	0	2	0	-2	-1	-1	1	-2	-1	-2	2	-1	1	-2	0	-2	-1
105	0.003343917	0	0	0	0	0	0	0	0	0	0	0	0	0	0	0	0	-1	1	1	0	1	2	-2	2	0	0	0	-2	-2	2	-2	2
106	0.0030084	0	0	0	0	0	0	0	0	0	0	0	0	0	0	0	0	-1	2	0	-1	1	0	2	-1	2	1	-1	1	-2	-2	-2	2
107	0.003274704	0	0	0	0	0	0	0	0	0	0	0	0	0	0	0	0	-1	0	2	-1	1	1	-2	2	-2	2	-1	1	-2	0	-2	-1
108	0.003357814	0	0	0	0	0	0	0	0	0	0	0	0	0	0	0	0	2	-2	0	1	2	1	0	2	-2	1	-2	0	0	2	-2	2
109	0.003135079	0	0	0	0	0	0	0	0	0	0	0	0	0	0	0	0	0	-1	0	1	-2	0	2	-1	2	1	-2	1	-1	0	1	2
110	0.003422435	0	0	0	0	0	0	0	0	0	0	0	0	0	0	0	0	0	-2	1	-2	-2	1	0	0	-2	0	1	-1	0	2	1	-2
111	0.003205397	0	0	0	0	0	0	0	0	0	0	0	0	0	0	0	0	-2	-1	-1	-1	0	0	2	-1	2	1	-2	0	-2	-1	1	-2
112	0.00302212	0	0	0	0	0	0	0	0	0	0	0	0	0	0	0	0	0	-2	1	-2	1	-1	1	0	-1	2	-2	0	-2	0	1	2
113	0.00359039	0	0	0	0	0	0	0	0	0	0	0	0	0	0	0	0	-2	0	2	-1	1	0	2	-1	2	0	1	-1	0	2	1	-2
114	0.003347394	0	0	0	0	0	0	0	0	0	0	0	0	0	0	0	0	-2	-1	-1	-2	1	-1	0	0	2	-1	-1	0	0	-1	2	2
115	0.003545421	0	0	0	0	0	0	0	0	0	0	0	0	0	0	0	0	0	2	0	1	-1	0	2	1	-2	1	-2	0	-2	0	1	2
116	0.003175494	0	0	0	0	0	0	0	0	0	0	0	0	0	0	0	0	-2	1	2	-2	0	2	-2	0	-1	-2	2	-2	-1	0	1	1
117	0.003158875	0	0	0	0	0	0	0	0	0	0	0	0	0	0	0	0	-2	-2	-1	-1	0	1	-2	0	-1	-2	2	-2	-1	-1	-1	2
118	0.003027499	0	0	0	0	0	0	0	0	0	0	0	0	0	0	0	0	0	-1	0	1	-2	0	2	2	2	-1	0	-2	-2	2	-2	2
119	0.003206557	0	0	0	0	0	0	0	0	0	0	0	0	0	0	0	0	-1	2	1	0	1	1	-1	2	0	-1	-2	0	2	-2	-2	-1
120	0.003211897	0	0	0	0	0	0	0	0	0	0	0	0	0	0	0	0	-1	0	2	-2	0	2	-2	2	0	1	-2	0	-2	-1	-1	1
122	0.003047837	0	0	0	0	0	0	0	0	0	0	0	0	0	0	0	0	-1	1	-1	1	0	-2	2	-1	2	1	-2	0	0	2	-2	2
123	0.003210569	0	0	0	0	0	0	0	0	0	0	0	0	0	0	0	0	0	-1	0	1	-2	0	2	-1	2	0	-2	-1	1	-1	1	-2
125	0.00334571	0	0	0	0	0	0	0	0	0	0	0	0	0	0	0	0	0	0	-1	-1	-1	-2	1	0	-1	-2	-2	1	1	-1	1	-2
126	0.003276941	0	0	0	0	0	0	0	0	0	0	0	0	0	0	0	0	-2	-1	-1	-2	-1	2	1	2	0	0	0	-2	-2	2	-2	2
127	0.003303425	0	0	0	0	0	0	0	0	0	0	0	0	0	0	0	0	-1	2	1	1	0	1	0	-2	1	0	1	1	-2	-1	-1	0
128	0.003114792	0	0	0	0	0	0	0	0	0	0	0	0	0	0	0	0	0	-2	2	-2	-1	2	1	0	-1	-2	-2	1	1	-1	1	-2
129	0.003488852	0	0	0	0	0	0	0	0	0	0	0	0	0	0	0	0	0	0	-1	0	1	2	-2	0	-1	0	-2	-2	2	0	-2	2
130	0.003677238	0	0	0	0	0	0	0	0	0	0	0	0	0	0	0	0	-2	2	0	-1	-2	0	2	0	-2	0	1	-1	0	2	1	-2
131	0.003053037	0	0	0	0	0	0	0	0	0	0	0	0	0	0	0	0	2	-2	0	-2	0	2	-2	0	-1	-2	2	-2	-1	0	1	2
132	0.00307315	0	0	0	0	0	0	0	0	0	0	0	0	0	0	0	0	-2	1	2	-2	1	-1	0	2	1	-2	-2	1	-2	0	0	-2
134	0.003181242	0	0	0	0	0	0	0	0	0	0	0	0	0	0	0	0	0	-2	2	2	-2	2	0	-1	-1	1	1	0	0	2	0	-1
135	0.00306153	0	0	0	0	0	0	0	0	0	0	0	0	0	0	0	0	1	0	0	1	2	2	-2	-1	0	-2	2	2	-1	-1	-2	-1
136	0.003344456	0	0	0	0	0	0	0	0	0	0	0	0	0	0	0	0	-1	0	2	-2	0	1	1	0	-1	2	-2	1	-1	0	1	2
137	0.003060105	0	0	0	0	0	0	0	0	0	0	0	0	0	0	0	0	0	-2	1	-2	-2	1	-1	2	0	-1	-2	1	1	-1	1	-2
138	0.003403704	0	0	0	0	0	0	0	0	0	0	0	0	0	0	0	0	-2	-1	-1	-1	-1	-2	1	0	-1	-2	-2	0	2	-2	1	-2
139	0.00332668	0	0	0	0	0	0	0	0	0	0	0	0	0	0	0	0	-1	0	-2	1	-1	0	2	1	2	-1	-1	1	1	2	-1	1
140	0.00311762	0	0	0	0	0	0	0	0	0	0	0	0	0	0	0	0	-2	1	2	-1	1	1	-2	2	-2	1	-1	1	-2	-2	-2	-1
141	0.003217568	0	0	0	0	0	0	0	0	0	0	0	0	0	0	0	0	-1	0	2	-2	-2	-2	2	0	0	0	-2	1	1	-1	1	0
143	0.003196346	0	0	0	0	0	0	0	0	0	0	0	0	0	0	0	0	-2	1	-1	1	0	1	-1	2	0	-1	-2	1	1	-1	1	-2
144	0.00339999	0	0	0	0	0	0	0	0	0	0	0	0	0	0	0	0	0	0	-2	-1	0	-1	-2	-1	2	-2	2	-2	-1	1	-1	-2
145	0.003049763	0	0	0	0	0	0	0	0	0	0	0	0	0	0	0	0	-2	2	-1	-1	-1	-2	1	0	2	1	-2	0	-2	0	1	2
146	0.003090357	0	0	0	0	0	0	0	0	0	0	0	0	0	0	0	0	2	0	-2	-2	-1	2	1	0	-1	-2	-2	0	2	-2	1	1
147	0.003126292	0	0	0	0	0	0	0	0	0	0	0	0	0	0	0	0	-1	-2	-2	-2	-2	-1	1	2	2	-2	-1	1	1	2	-1	1
148	0.002909402	0	0	0	0	0	0	0	0	0	0	0	0	0	0	0	0	2	0	-2	-1	-1	-2	2	1	2	1	-2	0	-2	0	1	2
149	0.003151382	0	0	0	0	0	0	0	0	0	0	0	0	0	0	0	0	-2	0	2	-1	1	0	2	-1	-2	2	-1	2	0	0	-2	2
151	0.003645962	0	0	0	0	0	0	0	0	0	0	0	0	0	0	0	0	1	2	1	1	1	2	0	1	-2	2	-1	2	0	0	-2	2
152	0.00331369	0	0	0	0	0	0	0	0	0	0	0	0	0	0	0	0	-2	0	2	-1	1	0	2	-1	-2	2	-1	0	-2	0	1	2
153	0.003102188	0	0	0	0	0	0	0	0	0	0	0	0	0	0	0	0	-2	0	-1	-1	-1	-2	1	0	2	1	-2	0	-2	0	1	2
154	0.003110454	0	0	0	0	0	0	0	0	0	0	0	0	0	0	0	0	-2	2	2	-1	1	0	1	0	-1	-2	-2	0	2	-2	1	1
155	0.002972893	0	0	0	0	0	0	0	0	0	0	0	0	0	0	0	0	2	0	-2	-2	-1	2	2	-1	2	0	0	-2	-2	2	-2	2
156	0.003166459	0	0	0	0	0	0	0	0	0	0	0	0	0	0	0	0	-1	1	-1	-1	0	1	-2	0	-1	-2	2	-2	-1	-1	-1	2
157	0.003163762	0	0	0	0	0	0	0	0	0	0	0	0	0	0	0	0	-2	-2	1	0	1	2	-2	2	0	1	-2	-2	-1	1	1	2
159	0.003232708	0	0	0	0	0	0	0	0	0	0	0	0	0	0	0	0	-2	2	-1	-1	-1	-2	1	0	2	-1	-2	0	2	-2	-2	-1
160	0.003113356	0	0	0	0	0	0	0	0	0	0	0	0	0	0	0	0	-1	2	1	0	-2	1	-1	2	0	-1	-2	1	1	-1	1	-2
161	0.003099574	0	0	0	0	0	0	0	0	0	0	0	0	0	0	0	0	0	-2	1	-2	1	1	-1	2	0	1	-2	0	-2	0	1	2
165	0.002947575	0	0	0	0	0	0	0	0	0	0	0	0	0	0	0	0	1	-1	2	-1	1	-2	1	-1	-2	2	-2	2	1	-1	1	-2
166	0.003160469	0	0	0	0	0	0	0	0	0	0	0	0	0	0	0	0	0	-2	1	-2	-2	1	-1	2	0	-1	-2	1	0	2	-1	1
167	0.003078775	0	0	0	0	0	0	0	0	0	0	0	0	0	0	0	0	-1	-2	-2	-2	-2	-1	1	2	2	-2	-1	1	1	2	1	2
168	0.003210426	0	0	0	0	0	0	0	0	0	0	0	0	0	0	0	0	-2	0	2	-1	1	0	2	-1	2	1	-2	1	1	-1	1	-2
169	0.003118285	0	0	0	0	0	0	0	0	0	0	0	0	0	0	0	0	0	-2	2	-2	-1	2	1	0	-1	-2	-2	0	-2	0	1	2
170	0.002961985	0	0	0	0	0	0	0	0	0	0	0	0	0	0	0	0	2	0	-2	-1	-1	-2	2	1	2	1	-2	0	-2	0	-2	2
171	0.003120987	0	0	0	0	0	0	0	0	0	0	0	0	0	0	0	0	-2	2	-1	-1	-1	-2	1	0	2	1	-2	0	-2	0	1	-2
172	0.003612097	0	0	0	0	0	0	0	0	0	0	0	0	0	0	0	0	0	-1	0	1	-2	0	-2	2	-2	2	-1	1	-2	0	-2	-1
173	0.003232887	0	0	0	0	0	0	0	0	0	0	0	0	0	0	0	0	-1	1	2	-2	0	2	-2	0	-1	-2	2	-2	-1	0	1	1
174	0.003219338	0	0	0	0	0	0	0	0	0	0	0	0	0	0	0	0	-2	0	2	-1	1	1	2	-1	2	0	-2	1	1	-1	1	0
176	0.003418876	0	0	0	0	0	0	0	0	0	0	0	0	0	0	0	0	-1	0	2	-2	-2	1	0	2	-2	1	-2	0	0	2	-2	2
177	0.003086498	0	0	0	0	0	0	0	0	0	0	0	0	0	0	0	0	2	-2	0	1	2	0	2	-1	2	1	-2	0	-2	-1	1	-2
178	0.003177051	0	0	0	0	0	0	0	0	0	0	0	0	0	0	0	0	-2	-1	-1	-1	0	-2	2	0	-1	2	-2	0	-2	0	1	2
179	0.003532731	0	0	0	0	0	0	0	0	0	0	0	0	0	0	0	0	0	-2	1	-2	1	-1	1	0	2	-1	-1	0	0	-1	2	2
180	0.003056469	0	0	0	0	0	0	0	0	0	0	0	0	0	0	0	0	-2	-1	-1	-2	-1	-2	1	0	2	1	-2	0	-2	0	1	2
181	0.003298227	0	0	0	0	0	0	0	0	0	0	0	0	0	0	0	0	-2	2	-1	-1	1	-1	0	0	0	0	-2	-1	1	-1	1	0
182	0.003395777	0	0	0	0	0	0	0	0	0	0	0	0	0	0	0	0	-1	0	2	-2	-2	-2	-2	0	-1	-2	2	-2	-1	0	1	1
183	0.003355922	0	0	0	0	0	0	0	0	0	0	0	0	0	0	0	0	-2	0	2	-2	0	1	1	0	-1	2	-2	1	-1	0	1	2
184	0.003115897	0	0	0	0	0	0	0	0	0	0	0	0	0	0	0	0	-1	1	2	-2	0	2	2	0	-1	-2	-2	0	2	-2	1	1
185	0.003051164	0	0	0	0	0	0	0	0	0	0	0	0	0	0	0	0	2	0	-2	-2	0	2	-2	0	-1	-2	2	-2	-1	0	1	2
186	0.003080696	0	0	0	0	0	0	0	0	0	0	0	0	0	0	0	0	2	-2	0	-2	-1	2	1	0	0	0	-2	1	1	-1	1	2
188	0.003319786	0	0	0	0	0	0	0	0	0	0	0	0	0	0	0	0	-1	0	2	-2	0	2	-2	2	0	1	-1	1	-2	0	-2	-1
189	0.003220376	0	0	0	0	0	0	0	0	0	0	0	0	0	0	0	0	-1	0	2	-1	1	1	1	0	-1	-2	-2	1	1	-1	1	-2
190	0.003080465	0	0	0	0	0	0	0	0	0	0	0	0	0	0	0	0	0	0	-1	-1	0	-2	2	-1	2	1	-2	0	0	2	-2	2
191	0.003088512	0	0	0	0	0	0	0	0	0	0	0	0	0	0	0	0	-1	1	-1	1	-1	-2	-2	2	2	0	-2	-1	1	-1	1	-2
192	0.003262206	0	0	0	0	0	0	0	0	0	0	0	0	0	0	0	0	0	-1	0	1	-2	0	2	-1	-2	2	-2	0	-2	-1	1	-2
193	0.00310587	0	0	0	0	0	0	0	0	0	0	0	0	0	0	0	0	0	-2	2	-2	-1	2	1	0	-1	-2	-2	1	1	-1	-1	-1
194	0.003154575	0	0	0	0	0	0	0	0	0	0	0	0	0	0	0	0	-2	1	2	-1	1	1	2	1	2	-1	-1	1	1	2	-1	1
195	0.004056576	0	0	0	0	0	0	0	0	0	0	0	0	0	0	0	0	-1	0	-2	1	-1	0	-2	2	-2	1	-1	1	-2	-2	-2	1
196	0.003145865	0	0	0	0	0	0	0	0	0	0	0	0	0	0	0	0	-2	0	2	-1	1	0	2	-1	2	1	-2	1	-1	0	1	2
197	0.003030017	0	0	0	0	0	0	0	0	0	0	0	0	0	0	0	0	0	-1	0	1	2	2	-2	-1	0	-2	2	2	-1	-1	-2	-1
198	0.003184921	0	0	0	0	0	0	0	0	0	0	0	0	0	0	0	0	1	0	0	1	-2	0	2	-1	0	-2	2	2	-1	-1	-2	-1
199	0.003250047	0	0	0	0	0	0	0	0	0	0	0	0	0	0	0	0	1	0	0	1	2	2	-2	-1	2	1	-2	0	-2	0	1	2
206	0.003120291	0	0	0	0	0	0	0	0	0	0	0	0	0	0	0	0	-2	-2	1	-2	1	1	-1	2	0	1	-2	0	-2	0	1	2
207	0.003311117	0	0	0	0	0	0	0	0	0	0	0	0	0	0	0	0	0	-1	-1	-2	-1	1	-1	2	0	1	-2	0	-2	0	1	2
208	0.003241599	0	0	0	0	0	0	0	0	0	0	0	0	0	0	0	0	0	-2	1	-2	1	0	2	-1	2	1	-2	0	-2	-1	1	-2
209	0.003169216	0	0	0	0	0	0	0	0	0	0	0	0	0	0	0	0	2	-2	0	1	2	-2	1	0	2	1	-2	0	-2	0	1	2
210	0.00350128	0	0	0	0	0	0	0	0	0	0	0	0	0	0	0	0	2	0	2	-1	1	1	2	-1	2	0	-2	1	1	-1	1	0
211	0.003105039	0	0	0	0	0	0	0	0	0	0	0	0	0	0	0	0	-2	-2	0	-2	-1	2	-2	-1	0	-2	2	2	-1	-1	-2	-1
212	0.003391146	0	0	0	0	0	0	0	0	0	0	0	0	0	0	0	0	0	-1	0	1	2	2	1	0	0	0	-2	1	1	-1	1	2
214	0.003204606	0	0	0	0	0	0	0	0	0	0	0	0	0	0	0	0	-1	0	2	-2	-2	-2	2	0	0	0	-2	1	1	0	1	1
215	0.003113813	0	0	0	0	0	0	0	0	0	0	0	0	0	0	0	0	-1	1	2	-2	0	2	-2	0	-1	-2	2	-2	-1	-1	-1	2
216	0.003537297	0	0	0	0	0	0	0	0	0	0	0	0	0	0	0	0	-1	1	-1	-1	0	1	-2	0	-1	-2	-1	2	0	0	-2	2
217	0.003540661	0	0	0	0	0	0	0	0	0	0	0	0	0	0	0	0	-2	0	2	-1	1	0	2	-1	-2	2	2	-2	-1	-1	1	0
219	0.003196092	0	0	0	0	0	0	0	0	0	0	0	0	0	0	0	0	1	-1	-1	1	-1	-2	-2	2	2	0	-2	-1	1	-1	1	-2
220	0.003005671	0	0	0	0	0	0	0	0	0	0	0	0	0	0	0	0	-1	1	2	-1	-1	-2	2	1	2	1	-2	0	-2	0	1	2
221	0.003018453	0	0	0	0	0	0	0	0	0	0	0	0	0	0	0	0	2	0	-2	-1	1	-2	1	-1	-2	2	-1	0	-2	0	1	2
222	0.003042653	0	0	0	0	0	0	0	0	0	0	0	0	0	0	0	0	-2	0	2	-1	1	0	2	-1	-2	2	-2	2	1	-1	-2	-1
223	0.003112471	0	0	0	0	0	0	0	0	0	0	0	0	0	0	0	0	-1	0	2	-2	0	2	-2	2	2	1	-2	0	-2	0	1	2
224	0.003224143	0	0	0	0	0	0	0	0	0	0	0	0	0	0	0	0	-2	2	-1	-1	-1	-2	1	0	0	1	-1	1	-2	-2	1	1
225	0.003107482	0	0	0	0	0	0	0	0	0	0	0	0	0	0	0	0	-2	2	2	-2	1	-1	1	0	2	-1	-1	0	0	-1	2	2
226	0.00333306	0	0	0	0	0	0	0	0	0	0	0	0	0	0	0	0	0	-2	1	-1	1	0	1	0	-1	-2	-2	1	1	-1	1	-2
227	0.00333768	0	0	0	0	0	0	0	0	0	0	0	0	0	0	0	0	-1	2	1	0	-2	1	-1	2	2	1	-2	0	-2	0	1	2
228	0.00346441	0	0	0	0	0	0	0	0	0	0	0	0	0	0	0	0	1	-1	0	1	-2	0	-2	2	-2	2	-1	1	-2	0	-2	-1
229	0.003321839	0	0	0	0	0	0	0	0	0	0	0	0	0	0	0	0	0	0	0	1	2	2	-2	-1	0	1	-2	0	-2	0	1	2
230	0.003168272	0	0	0	0	0	0	0	0	0	0	0	0	0	0	0	0	0	-2	1	0	1	2	-2	2	0	1	-2	-2	-1	1	1	2
231	0.003282088	0	0	0	0	0	0	0	0	0	0	0	0	0	0	0	0	-2	-2	1	-2	1	-2	2	0	0	0	-2	1	1	-1	1	0
232	0.00332508	0	0	0	0	0	0	0	0	0	0	0	0	0	0	0	0	-1	0	2	-1	1	1	2	-1	2	0	-2	1	1	-1	1	0
233	0.003129312	0	0	0	0	0	0	0	0	0	0	0	0	0	0	0	0	-2	0	0	1	2	0	2	-1	2	1	-2	0	-2	-1	1	-2
234	0.002986104	0	0	0	0	0	0	0	0	0	0	0	0	0	0	0	0	2	-2	2	-2	-2	1	-1	2	0	-1	-2	0	2	0	1	2
235	0.003162728	0	0	0	0	0	0	0	0	0	0	0	0	0	0	0	0	-2	0	2	-1	1	0	1	2	2	-2	-1	1	1	2	1	2
236	0.003056017	0	0	0	0	0	0	0	0	0	0	0	0	0	0	0	0	-1	-2	-2	-2	-2	-1	2	-1	2	1	-2	1	-1	0	1	-2
237	0.003491372	0	0	0	0	0	0	0	0	0	0	0	0	0	0	0	0	1	0	2	-1	1	0	2	-1	2	1	-2	1	1	-1	1	-2
238	0.003104868	0	0	0	0	0	0	0	0	0	0	0	0	0	0	0	0	-2	-1	2	-1	1	0	2	-1	2	1	-2	1	-1	0	1	2
239	0.003273822	0	0	0	0	0	0	0	0	0	0	0	0	0	0	0	0	-2	0	2	-1	1	-2	1	0	0	0	-2	1	1	-1	1	0
240	0.003273068	0	0	0	0	0	0	0	0	0	0	0	0	0	0	0	0	-1	0	2	1	-2	0	2	-1	0	-2	2	2	-1	-1	-2	-1
241	0.003258499	0	0	0	0	0	0	0	0	0	0	0	0	0	0	0	0	1	0	0	-2	-2	-1	1	0	2	-1	-1	0	0	-1	2	2
242	0.003087173	0	0	0	0	0	0	0	0	0	0	0	0	0	0	0	0	0	-2	1	0	-2	1	-1	2	0	-1	-2	1	1	-1	1	-2
243	0.002992333	0	0	0	0	0	0	0	0	0	0	0	0	0	0	0	0	-1	2	1	-2	1	-2	2	-1	-2	1	-2	0	0	2	-2	2
244	0.003270433	0	0	0	0	0	0	0	0	0	0	0	0	0	0	0	0	0	0	-1	-1	0	-2	2	-1	2	2	-2	1	1	-1	1	0
245	0.003094756	0	0	0	0	0	0	0	0	0	0	0	0	0	0	0	0	-2	0	2	-1	1	1	2	-1	2	0	-2	2	0	0	-2	2
246	0.003327439	0	0	0	0	0	0	0	0	0	0	0	0	0	0	0	0	-2	0	2	-2	0	2	-2	2	0	1	-1	1	-2	0	-2	-1
247	0.003149835	0	0	0	0	0	0	0	0	0	0	0	0	0	0	0	0	-1	0	1	0	-2	1	-1	2	0	-1	-2	1	1	-1	1	-2
248	0.003263557	0	0	0	0	0	0	0	0	0	0	0	0	0	0	0	0	-1	2	2	-1	1	0	2	-1	-2	2	-1	-2	-2	2	-2	2
249	0.003075244	0	0	0	0	0	0	0	0	0	0	0	0	0	0	0	0	2	0	-2	-2	-1	2	2	-1	2	0	0	2	1	-1	1	-2
251	0.003208013	0	0	0	0	0	0	0	0	0	0	0	0	0	0	0	0	-1	0	2	-2	-2	-2	2	0	0	0	-2	0	-2	0	1	2
253	0.003333497	0	0	0	0	0	0	0	0	0	0	0	0	0	0	0	0	-1	2	1	0	-2	1	-1	0	2	1	-2	0	-2	0	1	2
254	0.003235507	0	0	0	0	0	0	0	0	0	0	0	0	0	0	0	0	-2	0	-1	-1	-1	-2	1	2	2	1	-1	2	0	0	-2	2
255	0.00335505	0	0	0	0	0	0	0	0	0	0	0	0	0	0	0	0	-1	1	-1	-1	0	1	-2	0	-1	-2	-2	1	1	0	1	1
257	0.003030639	0	0	0	0	0	0	0	0	0	0	0	0	0	0	0	0	-2	0	2	-1	1	-2	1	0	0	0	-2	1	1	2	-2	2
258	0.003217963	0	0	0	0	0	0	0	0	0	0	0	0	0	0	0	0	-1	0	-1	-1	0	-2	2	-1	2	2	-2	1	1	-1	1	0
259	0.003166717	0	0	0	0	0	0	0	0	0	0	0	0	0	0	0	0	0	2	2	-1	-2	-2	2	0	0	0	-2	1	1	0	1	1
260	0.003241443	0	0	0	0	0	0	0	0	0	0	0	0	0	0	0	0	-1	0	2	-2	1	0	2	-1	-2	2	-1	-2	-2	0	1	2
261	0.003174586	0	0	0	0	0	0	0	0	0	0	0	0	0	0	0	0	-1	0	2	-2	0	2	-2	-1	2	0	-2	1	1	-1	1	0
262	0.0031595	0	0	0	0	0	0	0	0	0	0	0	0	0	0	0	0	2	0	2	-1	1	2	-2	2	0	1	-2	-2	-1	1	1	2
263	0.003169374	0	0	0	0	0	0	0	0	0	0	0	0	0	0	0	0	0	-2	1	0	1	1	2	2	2	1	-2	0	-2	0	1	1
264	0.003168522	0	0	0	0	0	0	0	0	0	0	0	0	0	0	0	0	-1	2	1	-2	1	-2	2	-1	-2	1	-2	0	0	2	-2	-1
265	0.003101706	0	0	0	0	0	0	0	0	0	0	0	0	0	0	0	0	-2	-2	0	-2	-1	2	-2	-1	2	1	-2	0	-2	0	1	2
266	0.003134626	0	0	0	0	0	0	0	0	0	0	0	0	0	0	0	0	-1	2	1	0	-2	1	-1	2	2	-1	-1	0	0	-1	2	2
268	0.003243892	0	0	0	0	0	0	0	0	0	0	0	0	0	0	0	0	1	0	0	-2	-2	-1	1	0	0	-2	2	2	-1	-1	-2	-2
269	0.003416378	0	0	0	0	0	0	0	0	0	0	0	0	0	0	0	0	-1	0	1	0	-2	1	-1	2	0	-1	-2	1	1	0	1	2
270	0.003207265	0	0	0	0	0	0	0	0	0	0	0	0	0	0	0	0	-2	0	2	-1	1	0	2	-1	2	1	-2	1	-1	-1	1	-2
271	0.003159237	0	0	0	0	0	0	0	0	0	0	0	0	0	0	0	0	0	-2	1	0	-2	1	1	0	2	1	-2	0	-2	0	1	2
272	0.00353495	0	0	0	0	0	0	0	0	0	0	0	0	0	0	0	0	2	-2	2	-2	1	-1	1	0	2	-1	-1	0	0	-1	2	2
275	0.003036135	0	0	0	0	0	0	0	0	0	0	0	0	0	0	0	0	-2	2	0	1	2	-2	-1	2	2	0	-2	-1	1	-1	1	-2
276	0.00351505	0	0	0	0	0	0	0	0	0	0	0	0	0	0	0	0	1	-1	-1	1	-1	-2	-1	2	0	-1	-2	0	2	0	1	2
277	0.003023079	0	0	0	0	0	0	0	0	0	0	0	0	0	0	0	0	2	-2	2	-2	-2	1	2	-1	2	1	-2	0	-2	-1	1	-2
278	0.00303558	0	0	0	0	0	0	0	0	0	0	0	0	0	0	0	0	-2	0	0	-1	-1	-2	2	1	2	1	-2	0	-2	0	1	2
279	0.00345075	0	0	0	0	0	0	0	0	0	0	0	0	0	0	0	0	2	0	-2	-2	0	2	-2	2	0	1	-1	1	-2	0	-2	-1
280	0.002999862	0	0	0	0	0	0	0	0	0	0	0	0	0	0	0	0	-2	0	-1	-1	0	-2	2	-1	2	1	-2	0	0	2	-2	2
281	0.003412496	0	0	0	0	0	0	0	0	0	0	0	0	0	0	0	0	0	0	2	1	2	0	-2	2	0	-1	-2	1	1	0	1	2
282	0.003088092	0	0	0	0	0	0	0	0	0	0	0	0	0	0	0	0	2	0	-2	-1	-1	-2	2	1	2	1	-2	1	1	0	1	1
283	0.002993987	0	0	0	0	0	0	0	0	0	0	0	0	0	0	0	0	-1	0	2	-2	-2	-2	2	0	2	1	-2	0	-2	0	1	2
284	0.00303855	0	0	0	0	0	0	0	0	0	0	0	0	0	0	0	0	2	0	-2	-1	-1	-2	2	1	0	0	-2	0	0	-1	2	2
285	0.0034973	0	0	0	0	0	0	0	0	0	0	0	0	0	0	0	0	-2	2	-1	-2	-1	1	-1	2	0	1	-2	0	-2	0	1	2
287	0.003270845	0	0	0	0	0	0	0	0	0	0	0	0	0	0	0	0	0	-1	2	-2	1	-1	1	0	2	-2	-1	1	1	2	1	2
288	0.003287679	0	0	0	0	0	0	0	0	0	0	0	0	0	0	0	0	-2	0	2	-1	1	0	1	2	2	-1	-1	0	-2	0	1	2
291	0.003088536	0	0	0	0	0	0	0	0	0	0	0	0	0	0	0	0	-2	0	-1	-1	-1	-2	1	0	2	1	-2	0	-2	-1	1	2
292	0.003081734	0	0	0	0	0	0	0	0	0	0	0	0	0	0	0	0	2	0	-2	-2	-1	2	2	-1	2	0	0	2	1	-1	1	-1
293	0.003062214	0	0	0	0	0	0	0	0	0	0	0	0	0	0	0	0	-2	0	2	-2	0	2	-2	2	2	0	-2	2	0	0	-2	2
294	0.00323806	0	0	0	0	0	0	0	0	0	0	0	0	0	0	0	0	-2	0	2	-1	1	1	2	-1	0	1	-1	1	-2	0	-2	2
295	0.003176161	0	0	0	0	0	0	0	0	0	0	0	0	0	0	0	0	-2	-1	2	-1	1	0	2	-1	2	1	-2	1	-1	0	1	-2
296	0.003254159	0	0	0	0	0	0	0	0	0	0	0	0	0	0	0	0	-2	0	2	-1	1	0	1	2	0	0	-2	1	1	-1	1	0
297	0.003081576	0	0	0	0	0	0	0	0	0	0	0	0	0	0	0	0	-1	0	2	-2	-2	-2	2	0	2	-2	-1	2	0	0	-2	2
298	0.003392821	0	0	0	0	0	0	0	0	0	0	0	0	0	0	0	0	-1	1	-1	-1	0	1	-2	-1	2	0	-2	1	1	-1	1	0
299	0.003189488	0	0	0	0	0	0	0	0	0	0	0	0	0	0	0	0	2	0	2	-1	1	1	2	0	-1	-2	-1	1	1	2	1	2
302	0.003051979	0	0	0	0	0	0	0	0	0	0	0	0	0	0	0	0	-2	2	0	1	2	-2	2	1	2	1	-2	0	-2	0	1	2
303	0.003198696	0	0	0	0	0	0	0	0	0	0	0	0	0	0	0	0	2	0	-2	-1	-1	-2	-1	2	2	0	-2	-1	1	-1	1	0
304	0.00320757	0	0	0	0	0	0	0	0	0	0	0	0	0	0	0	0	-1	0	2	-2	-2	-2	2	0	0	0	-2	1	-2	0	1	2
305	0.003141699	0	0	0	0	0	0	0	0	0	0	0	0	0	0	0	0	-2	-1	-1	-2	-1	-2	1	0	2	1	-1	2	0	0	-2	2
306	0.003114447	0	0	0	0	0	0	0	0	0	0	0	0	0	0	0	0	-2	0	-1	-1	-1	-2	1	2	2	1	-2	0	1	-1	1	1
308	0.002947185	0	0	0	0	0	0	0	0	0	0	0	0	0	0	0	0	2	0	-2	-1	-1	-2	2	1	2	1	-2	1	-2	0	1	2
309	0.003146992	0	0	0	0	0	0	0	0	0	0	0	0	0	0	0	0	-1	0	2	-2	0	1	-2	0	-1	-2	-2	1	1	0	1	1
310	0.003448957	0	0	0	0	0	0	0	0	0	0	0	0	0	0	0	0	-1	1	-1	-1	1	2	-2	2	0	1	-2	-2	-1	1	1	2
311	0.003042695	0	0	0	0	0	0	0	0	0	0	0	0	0	0	0	0	2	0	2	-1	1	-2	1	-1	-2	2	-1	0	-2	0	1	2
312	0.002980357	0	0	0	0	0	0	0	0	0	0	0	0	0	0	0	0	2	0	-2	-1	-2	-2	2	0	2	1	-2	0	1	0	1	2
313	0.003117897	0	0	0	0	0	0	0	0	0	0	0	0	0	0	0	0	-1	0	2	-2	-2	-2	2	0	2	-2	-1	2	0	0	-2	-2
315	0.003105761	0	0	0	0	0	0	0	0	0	0	0	0	0	0	0	0	-2	0	0	1	2	-2	2	1	2	1	-2	0	-2	0	1	2
316	0.003104477	0	0	0	0	0	0	0	0	0	0	0	0	0	0	0	0	2	0	-2	-1	-1	0	2	1	0	0	-2	0	0	-1	2	2
317	0.00308988	0	0	0	0	0	0	0	0	0	0	0	0	0	0	0	0	2	0	0	-2	-1	2	-2	-1	2	1	-2	0	-2	0	1	2
318	0.003164883	0	0	0	0	0	0	0	0	0	0	0	0	0	0	0	0	-2	-2	-2	-1	-1	-2	2	-1	2	1	-2	0	1	-1	1	-2
319	0.003261457	0	0	0	0	0	0	0	0	0	0	0	0	0	0	0	0	-2	2	0	1	2	-2	-1	2	2	0	-2	0	2	0	1	2
320	0.003379633	0	0	0	0	0	0	0	0	0	0	0	0	0	0	0	0	1	-1	-1	1	-1	-2	-1	2	0	-1	-2	-1	-2	0	1	2
321	0.003239839	0	0	0	0	0	0	0	0	0	0	0	0	0	0	0	0	0	-2	1	0	-2	1	1	0	2	1	-2	1	1	0	1	1
322	0.0030158	0	0	0	0	0	0	0	0	0	0	0	0	0	0	0	0	2	0	-2	-1	-1	-2	2	1	2	1	-2	0	0	2	-2	2
323	0.0030037	0	0	0	0	0	0	0	0	0	0	0	0	0	0	0	0	-2	0	-1	-1	0	-2	2	-1	2	1	-2	0	-2	0	1	2
324	0.003026016	0	0	0	0	0	0	0	0	0	0	0	0	0	0	0	0	-2	0	0	-1	-1	-2	2	1	2	1	-2	0	-2	-1	1	2
325	0.003124993	0	0	0	0	0	0	0	0	0	0	0	0	0	0	0	0	-2	-1	2	-1	1	1	-1	0	2	1	-2	0	-2	0	1	2
326	0.003205426	0	0	0	0	0	0	0	0	0	0	0	0	0	0	0	0	-1	2	1	0	-2	0	2	-1	2	1	-2	1	1	0	1	1
327	0.003179971	0	0	0	0	0	0	0	0	0	0	0	0	0	0	0	0	0	2	2	-1	-2	-2	2	0	0	0	-2	1	-1	0	1	1
329	0.003050181	0	0	0	0	0	0	0	0	0	0	0	0	0	0	0	0	2	0	-2	-1	-1	0	2	-1	-2	2	-1	-2	-2	0	1	2
330	0.003305335	0	0	0	0	0	0	0	0	0	0	0	0	0	0	0	0	-1	0	2	-1	1	0	1	2	0	0	-2	1	1	-1	1	0
331	0.003123226	0	0	0	0	0	0	0	0	0	0	0	0	0	0	0	0	-2	0	2	-2	1	-2	2	1	2	1	-2	1	1	0	1	-2
334	0.003115652	0	0	0	0	0	0	0	0	0	0	0	0	0	0	0	0	2	0	-2	-1	1	-2	1	-1	-2	2	-1	0	-2	-1	1	0
335	0.003169666	0	0	0	0	0	0	0	0	0	0	0	0	0	0	0	0	-2	0	2	-1	1	1	2	0	-1	-2	-1	1	1	2	1	2
336	0.003323493	0	0	0	0	0	0	0	0	0	0	0	0	0	0	0	0	2	0	2	-1	1	0	1	2	0	0	-2	1	1	0	1	2
337	0.003052013	0	0	0	0	0	0	0	0	0	0	0	0	0	0	0	0	-2	0	0	-1	-1	-2	2	1	2	1	-2	0	-1	0	1	2
338	0.00311715	0	0	0	0	0	0	0	0	0	0	0	0	0	0	0	0	-2	-2	2	-2	-2	1	2	-1	2	1	-2	0	-2	-1	1	-2
339	0.003124404	0	0	0	0	0	0	0	0	0	0	0	0	0	0	0	0	2	-1	2	-1	1	0	2	-1	2	1	-2	1	-2	0	1	-2
340	0.00319445	0	0	0	0	0	0	0	0	0	0	0	0	0	0	0	0	-2	0	0	-2	0	2	-2	-1	2	0	-2	1	1	-1	1	0
341	0.003071738	0	0	0	0	0	0	0	0	0	0	0	0	0	0	0	0	-1	0	2	1	2	0	2	-1	2	1	-2	0	-2	-1	2	2
342	0.003245521	0	0	0	0	0	0	0	0	0	0	0	0	0	0	0	0	-1	2	1	0	-1	-2	1	2	2	1	-1	2	0	0	-2	2
343	0.003120937	0	0	0	0	0	0	0	0	0	0	0	0	0	0	0	0	-2	0	-1	-1	-1	-2	2	1	2	1	-2	1	1	0	1	1
344	0.003159822	0	0	0	0	0	0	0	0	0	0	0	0	0	0	0	0	2	0	-2	-1	-2	1	-1	2	2	-1	-1	0	0	-1	1	0
346	0.003281682	0	0	0	0	0	0	0	0	0	0	0	0	0	0	0	0	-2	0	2	-1	1	0	1	2	0	0	-2	1	1	0	1	2
348	0.003058656	0	0	0	0	0	0	0	0	0	0	0	0	0	0	0	0	2	0	-2	-1	1	-2	1	-1	0	1	-2	-2	-1	1	1	2
349	0.003047479	0	0	0	0	0	0	0	0	0	0	0	0	0	0	0	0	2	0	2	-1	1	2	-2	2	-2	2	-1	0	-2	-1	1	2
352	0.003140196	0	0	0	0	0	0	0	0	0	0	0	0	0	0	0	0	-1	0	2	-1	1	0	1	2	2	1	-2	1	-1	-1	1	-2
353	0.003240237	0	0	0	0	0	0	0	0	0	0	0	0	0	0	0	0	-2	0	2	-1	1	0	2	-1	0	0	-2	1	1	-1	1	2
354	0.003020944	0	0	0	0	0	0	0	0	0	0	0	0	0	0	0	0	-1	0	2	-1	0	-2	2	-1	2	1	-2	0	-2	0	1	2
355	0.003127991	0	0	0	0	0	0	0	0	0	0	0	0	0	0	0	0	-2	0	-1	1	1	-2	1	-1	0	1	-2	-2	-1	1	1	2
356	0.003081805	0	0	0	0	0	0	0	0	0	0	0	0	0	0	0	0	2	0	-2	-1	2	0	2	-1	2	1	-2	0	-2	-1	2	0
357	0.003047623	0	0	0	0	0	0	0	0	0	0	0	0	0	0	0	0	-2	-2	-2	-1	-1	-2	2	-1	2	1	-2	0	1	-1	1	2
358	0.00322213	0	0	0	0	0	0	0	0	0	0	0	0	0	0	0	0	2	0	0	-2	-1	2	-2	-1	2	1	-2	0	-2	0	1	-2
359	0.003018751	0	0	0	0	0	0	0	0	0	0	0	0	0	0	0	0	2	0	2	-1	1	2	-2	2	-2	0	-2	0	0	-1	2	2
360	0.003005912	0	0	0	0	0	0	0	0	0	0	0	0	0	0	0	0	2	0	-2	-1	-1	-2	2	1	0	0	-2	0	-2	0	1	2
361	0.003308977	0	0	0	0	0	0	0	0	0	0	0	0	0	0	0	0	-1	0	2	-1	1	0	1	2	0	0	-2	1	1	0	1	2
362	0.003138327	0	0	0	0	0	0	0	0	0	0	0	0	0	0	0	0	-2	0	2	-2	-2	-2	2	0	0	2	-2	0	-2	0	1	2
363	0.003235756	0	0	0	0	0	0	0	0	0	0	0	0	0	0	0	0	-2	0	-1	-1	0	-2	2	-1	2	1	-1	0	-2	-1	1	-2
364	0.003397548	0	0	0	0	0	0	0	0	0	0	0	0	0	0	0	0	-2	-2	-2	-1	-1	-2	-1	2	2	-1	-1	0	0	-1	1	0
365	0.003105463	0	0	0	0	0	0	0	0	0	0	0	0	0	0	0	0	2	0	-2	-1	-2	1	2	-1	2	1	-2	0	1	-1	1	0
367	0.003285959	0	0	0	0	0	0	0	0	0	0	0	0	0	0	0	0	2	0	-2	-1	-2	1	-1	0	2	1	-2	1	1	0	1	1
368	0.003149246	0	0	0	0	0	0	0	0	0	0	0	0	0	0	0	0	0	-2	1	0	-2	1	-1	2	2	0	-2	-1	1	-1	1	0
369	0.003034393	0	0	0	0	0	0	0	0	0	0	0	0	0	0	0	0	2	0	-2	-1	-1	-2	1	2	2	0	-2	0	0	-1	2	2
371	0.002931232	0	0	0	0	0	0	0	0	0	0	0	0	0	0	0	0	2	0	-2	-1	-1	-2	2	1	2	1	-2	1	-2	0	1	-2
372	0.00325234	0	0	0	0	0	0	0	0	0	0	0	0	0	0	0	0	2	-1	2	-1	1	0	2	-1	0	-1	-1	1	1	2	1	2
373	0.003312581	0	0	0	0	0	0	0	0	0	0	0	0	0	0	0	0	-2	0	2	-1	1	1	2	0	-1	-2	-1	0	-2	0	1	2
374	0.003037081	0	0	0	0	0	0	0	0	0	0	0	0	0	0	0	0	-2	2	0	1	2	0	2	-1	2	1	-2	0	-2	-1	2	2
375	0.003235094	0	0	0	0	0	0	0	0	0	0	0	0	0	0	0	0	-1	0	2	1	2	-2	2	1	2	1	-2	0	1	-1	1	1
376	0.003229048	0	0	0	0	0	0	0	0	0	0	0	0	0	0	0	0	-2	0	-1	-1	-1	-2	-1	2	2	0	-2	0	2	0	1	2
377	0.003351522	0	0	0	0	0	0	0	0	0	0	0	0	0	0	0	0	-2	2	0	1	2	1	-1	0	2	1	-2	0	-2	0	1	2
378	0.003070824	0	0	0	0	0	0	0	0	0	0	0	0	0	0	0	0	-2	-1	2	-1	1	-2	1	2	2	1	-2	1	-1	-1	1	-2
379	0.003214096	0	0	0	0	0	0	0	0	0	0	0	0	0	0	0	0	-2	0	2	-1	-1	-2	2	-1	2	1	-2	0	1	-1	1	-2
380	0.003183438	0	0	0	0	0	0	0	0	0	0	0	0	0	0	0	0	-2	-2	-2	-1	1	2	-2	2	0	1	-2	-2	-1	1	1	2
382	0.003243096	0	0	0	0	0	0	0	0	0	0	0	0	0	0	0	0	-1	1	-1	-1	1	0	2	1	0	0	-2	0	0	-1	2	2
383	0.00313074	0	0	0	0	0	0	0	0	0	0	0	0	0	0	0	0	2	0	-2	-1	-1	0	2	0	2	1	-2	0	1	0	1	2
384	0.003296953	0	0	0	0	0	0	0	0	0	0	0	0	0	0	0	0	2	0	-2	-2	1	-2	2	1	2	1	-2	1	1	0	1	-2
385	0.003154967	0	0	0	0	0	0	0	0	0	0	0	0	0	0	0	0	-2	0	2	-1	-2	-2	2	-1	2	1	-2	0	0	-1	1	0
386	0.003204751	0	0	0	0	0	0	0	0	0	0	0	0	0	0	0	0	2	0	-2	-1	-2	1	-1	2	2	-1	-1	0	1	0	1	2
387	0.002951326	0	0	0	0	0	0	0	0	0	0	0	0	0	0	0	0	2	0	-2	-1	-2	-2	2	0	2	1	-2	0	0	1	1	2
388	0.003110409	0	0	0	0	0	0	0	0	0	0	0	0	0	0	0	0	2	0	-1	-1	-1	-2	1	2	2	1	-2	0	1	-1	1	1
389	0.003085542	0	0	0	0	0	0	0	0	0	0	0	0	0	0	0	0	-2	0	-2	-1	1	-2	1	-1	0	1	-2	-2	-1	-1	1	2
391	0.002987844	0	0	0	0	0	0	0	0	0	0	0	0	0	0	0	0	-1	0	2	-2	-1	-2	2	1	2	1	-2	0	-2	0	1	2
392	0.00288904	0	0	0	0	0	0	0	0	0	0	0	0	0	0	0	0	2	0	-2	-1	-2	-2	2	0	2	1	-2	0	-2	0	1	2
394	0.003338266	0	0	0	0	0	0	0	0	0	0	0	0	0	0	0	0	-2	0	-1	-1	1	0	1	2	0	0	-2	1	1	-1	1	0
396	0.003171874	0	0	0	0	0	0	0	0	0	0	0	0	0	0	0	0	-2	0	-1	-1	1	-2	1	-1	-2	2	-1	0	-2	0	1	2
398	0.003125096	0	0	0	0	0	0	0	0	0	0	0	0	0	0	0	0	2	0	-1	-1	-1	-2	2	1	2	1	-2	1	1	0	1	1
399	0.003013962	0	0	0	0	0	0	0	0	0	0	0	0	0	0	0	0	-2	0	2	-1	0	-2	2	-1	2	1	-2	0	-2	0	1	2
0	0.003485934	0	0	0	0	0	0	0	0	0	0	0	0	0	0	0	0	0	-1	2	-1	-1	1	2	2	-2	-1	1	-1	-1	2	1	0
1	0.003110185	0	0	0	0	0	0	0	0	0	0	0	0	0	0	0	0	-2	2	1	1	2	-1	2	1	1	-1	-2	-1	-2	0	-1	-1
2	0.003052761	0	0	0	0	0	0	0	0	0	0	0	0	0	0	0	0	-2	-1	-1	2	-2	1	1	-1	1	-2	2	1	2	2	0	1
3	0.003192904	0	0	0	0	0	0	0	0	0	0	0	0	0	0	0	0	-1	1	-2	-2	1	2	-2	0	2	0	1	1	-2	-1	-2	2
4	0.003066841	0	0	0	0	0	0	0	0	0	0	0	0	0	0	0	0	2	-2	2	0	-2	-1	2	2	2	0	-2	-1	0	1	0	2
5	0.00319871	0	0	0	0	0	0	0	0	0	0	0	0	0	0	0	0	2	2	2	2	-1	-1	-2	1	2	-2	-1	1	-1	1	-2	0
6	0.003483269	0	0	0	0	0	0	0	0	0	0	0	0	0	0	0	0	-2	2	0	-1	0	0	-1	1	-2	0	-1	0	-2	-1	1	1
7	0.003394213	0	0	0	0	0	0	0	0	0	0	0	0	0	0	0	0	1	0	-1	0	2	2	-2	1	1	-1	0	1	1	-2	0	-2
8	0.003251038	0	0	0	0	0	0	0	0	0	0	0	0	0	0	0	0	2	-1	0	-1	-2	1	-1	0	0	2	0	-1	0	-1	0	2
9	0.003239906	0	0	0	0	0	0	0	0	0	0	0	0	0	0	0	0	-2	-1	-1	2	-2	0	-2	-2	0	1	0	-1	0	-2	0	-2
10	0.003116164	0	0	0	0	0	0	0	0	0	0	0	0	0	0	0	0	-1	0	1	-1	-1	2	2	1	2	1	-1	2	2	0	-2	-2
11	0.003303411	0	0	0	0	0	0	0	0	0	0	0	0	0	0	0	0	0	0	2	1	-2	-2	0	-1	0	1	1	1	2	2	2	0
12	0.003068151	0	0	0	0	0	0	0	0	0	0	0	0	0	0	0	0	-1	2	1	2	-2	-1	-2	1	2	1	-1	-1	0	1	2	-2
13	0.003202419	0	0	0	0	0	0	0	0	0	0	0	0	0	0	0	0	-2	1	2	1	1	-2	-1	-1	0	-1	0	-2	0	0	-1	0
14	0.003131877	0	0	0	0	0	0	0	0	0	0	0	0	0	0	0	0	2	2	-1	2	-1	-1	-1	1	0	-1	1	-2	-2	1	0	-1
15	0.0033144	0	0	0	0	0	0	0	0	0	0	0	0	0	0	0	0	1	2	1	2	-1	0	-1	-1	1	0	-2	-2	-1	2	0	-1
16	0.003285799	0	0	0	0	0	0	0	0	0	0	0	0	0	0	0	0	0	0	0	2	1	2	-1	-1	1	0	1	2	1	-2	-1	0
17	0.003315647	0	0	0	0	0	0	0	0	0	0	0	0	0	0	0	0	-1	-2	-1	0	-2	0	2	2	1	1	0	2	1	0	-2	2
18	0.003341396	0	0	0	0	0	0	0	0	0	0	0	0	0	0	0	0	0	-1	-1	1	-2	1	2	1	-1	-1	1	1	-1	-2	-2	-1
19	0.00319699	0	0	0	0	0	0	0	0	0	0	0	0	0	0	0	0	-1	-1	-1	-2	0	-1	-2	-1	1	2	0	1	-2	1	2	1
20	0.003284052	0	0	0	0	0	0	0	0	0	0	0	0	0	0	0	0	2	0	0	2	2	2	-1	0	2	-1	2	2	2	2	2	-1
21	0.003426405	0	0	0	0	0	0	0	0	0	0	0	0	0	0	0	0	0	0	1	0	1	-2	0	0	1	2	2	1	-1	-2	2	0
22	0.003108407	0	0	0	0	0	0	0	0	0	0	0	0	0	0	0	0	-2	2	1	2	-1	0	-2	2	-1	-1	-2	-1	2	-2	-1	-1
23	0.00358397	0	0	0	0	0	0	0	0	0	0	0	0	0	0	0	0	0	1	0	-2	2	-2	2	-2	0	0	-2	-2	1	1	0	-1
24	0.00316204	0	0	0	0	0	0	0	0	0	0	0	0	0	0	0	0	2	1	-1	2	-1	-1	0	0	-2	1	2	-2	-2	0	-1	-2
25	0.003352782	0	0	0	0	0	0	0	0	0	0	0	0	0	0	0	0	-1	-1	0	1	0	-2	-2	-1	1	1	1	2	1	-2	0	2
26	0.003290362	0	0	0	0	0	0	0	0	0	0	0	0	0	0	0	0	-1	2	1	0	0	1	2	2	-1	-2	1	1	2	-1	2	-1
27	0.003166972	0	0	0	0	0	0	0	0	0	0	0	0	0	0	0	0	-2	-1	1	2	1	2	0	0	0	-1	0	-1	1	1	0	-2
28	0.003389588	0	0	0	0	0	0	0	0	0	0	0	0	0	0	0	0	-2	1	0	2	2	0	1	0	-2	1	-2	1	1	0	-2	2
29	0.003220731	0	0	0	0	0	0	0	0	0	0	0	0	0	0	0	0	-1	2	-1	-2	2	0	-2	-1	-2	-1	0	0	0	0	2	-1
30	0.003456889	0	0	0	0	0	0	0	0	0	0	0	0	0	0	0	0	-2	2	-2	2	-1	-2	-1	0	-2	1	-1	1	-2	0	0	-2
31	0.003081367	0	0	0	0	0	0	0	0	0	0	0	0	0	0	0	0	1	0	2	-1	-2	2	2	2	1	0	-2	2	-1	1	-1	-2
32	0.003493822	0	0	0	0	0	0	0	0	0	0	0	0	0	0	0	0	0	-1	2	2	1	0	2	0	-1	0	0	2	1	0	1	-1
33	0.003225182	0	0	0	0	0	0	0	0	0	0	0	0	0	0	0	0	0	-1	-2	2	-1	0	-2	-2	1	1	-2	0	1	-2	1	2
34	0.003322282	0	0	0	0	0	0	0	0	0	0	0	0	0	0	0	0	0	0	-1	0	-1	0	2	2	-1	1	1	-1	1	-1	-1	1
35	0.003159588	0	0	0	0	0	0	0	0	0	0	0	0	0	0	0	0	2	-1	-2	-1	1	2	-2	2	0	1	2	-2	0	0	1	0
36	0.003499713	0	0	0	0	0	0	0	0	0	0	0	0	0	0	0	0	2	-1	2	2	-1	0	2	2	-1	-2	0	-1	-1	0	2	2
37	0.003340889	0	0	0	0	0	0	0	0	0	0	0	0	0	0	0	0	0	1	2	1	-2	-2	-1	0	0	-2	2	-2	-1	0	1	1
38	0.003300216	0	0	0	0	0	0	0	0	0	0	0	0	0	0	0	0	2	-1	0	1	0	-2	-1	2	1	-1	-2	2	-1	-1	2	-1
39	0.003318142	0	0	0	0	0	0	0	0	0	0	0	0	0	0	0	0	1	0	-1	-2	1	0	2	1	-1	2	1	-2	1	1	-2	-1
40	0.00330632	0	0	0	0	0	0	0	0	0	0	0	0	0	0	0	0	2	-2	-1	0	-2	0	2	0	2	0	0	-1	-1	-2	-1	-1
41	0.003357167	0	0	0	0	0	0	0	0	0	0	0	0	0	0	0	0	0	-1	2	0	1	0	0	-1	1	2	2	-1	-1	2	-2	-2
42	0.003572365	0	0	0	0	0	0	0	0	0	0	0	0	0	0	0	0	0	1	1	2	-2	2	2	2	0	1	1	2	-2	0	-2	0
43	0.00314634	0	0	0	0	0	0	0	0	0	0	0	0	0	0	0	0	1	2	1	2	-1	-2	2	0	-2	2	-1	-1	-1	1	-2	-2
44	0.003395265	0	0	0	0	0	0	0	0	0	0	0	0	0	0	0	0	2	1	-1	-2	1	1	-1	2	0	2	0	-2	2	0	0	-1
45	0.003681125	0	0	0	0	0	0	0	0	0	0	0	0	0	0	0	0	2	-2	0	-1	-1	-1	1	-2	-2	-2	0	-2	1	0	1	-2
46	0.003138788	0	0	0	0	0	0	0	0	0	0	0	0	0	0	0	0	0	0	-2	-1	2	-1	0	-2	0	-2	2	2	2	0	-2	2
47	0.003577519	0	0	0	0	0	0	0	0	0	0	0	0	0	0	0	0	2	-2	-1	-1	1	-2	1	0	2	2	2	-1	2	-2	2	1
48	0.003155357	0	0	0	0	0	0	0	0	0	0	0	0	0	0	0	0	-2	-2	-2	0	-1	0	2	0	2	-2	0	1	-1	1	-2	1
49	0.003153298	0	0	0	0	0	0	0	0	0	0	0	0	0	0	0	0	1	-2	-2	0	2	0	-1	1	-2	-2	-2	2	-1	-1	1	-2
51	0.003123033	0	0	0	0	0	0	0	0	0	0	0	0	0	0	0	0	2	-1	2	2	1	0	2	1	-1	2	1	-2	1	1	-2	-1
52	0.003289313	0	0	0	0	0	0	0	0	0	0	0	0	0	0	0	0	1	0	-1	-2	-1	0	2	2	-1	-2	2	-2	-1	0	1	1
53	0.003390271	0	0	0	0	0	0	0	0	0	0	0	0	0	0	0	0	0	1	2	1	-2	-2	-1	0	0	-2	0	-1	-1	0	1	-1
54	0.00313909	0	0	0	0	0	0	0	0	0	0	0	0	0	0	0	0	0	0	1	-1	-1	2	2	1	2	1	-1	2	2	0	-2	-2
55	0.003240622	0	0	0	0	0	0	0	0	0	0	0	0	0	0	0	0	-1	-1	1	2	1	2	0	0	0	-1	0	-1	1	1	0	-2
56	0.003398085	0	0	0	0	0	0	0	0	0	0	0	0	0	0	0	0	-2	-1	2	2	-1	-2	-1	0	-2	1	-1	1	-2	0	0	-2
57	0.003022802	0	0	0	0	0	0	0	0	0	0	0	0	0	0	0	0	-2	2	-2	2	-2	-1	-2	1	2	1	-1	-1	0	1	2	-2
58	0.003379884	0	0	0	0	0	0	0	0	0	0	0	0	0	0	0	0	-1	2	1	2	1	0	2	0	-1	0	2	2	2	2	2	-1
59	0.003421216	0	0	0	0	0	0	0	0	0	0	0	0	0	0	0	0	2	0	0	2	2	-2	-2	-1	1	1	1	2	1	-2	0	2
60	0.003332124	0	0	0	0	0	0	0	0	0	0	0	0	0	0	0	0	-1	-1	0	1	0	2	-1	0	2	-1	0	-2	0	0	-1	0
62	0.003400275	0	0	0	0	0	0	0	0	0	0	0	0	0	0	0	0	-2	1	2	1	1	-2	2	2	-1	-2	0	-1	-1	0	2	2
63	0.003304168	0	0	0	0	0	0	0	0	0	0	0	0	0	0	0	0	2	-1	2	2	-1	0	-1	-1	0	-1	0	2	1	1	0	2
64	0.003271077	0	0	0	0	0	0	0	0	0	0	0	0	0	0	0	0	2	-2	2	0	-2	-2	0	-1	0	1	1	1	2	2	2	0
65	0.003311801	0	0	0	0	0	0	0	0	0	0	0	0	0	0	0	0	0	0	2	1	-2	-1	2	2	2	0	1	-2	-2	1	0	-1
66	0.003481209	0	0	0	0	0	0	0	0	0	0	0	0	0	0	0	0	2	2	-1	2	-1	-1	-1	1	0	-1	-2	-1	0	0	-2	-1
67	0.00335672	0	0	0	0	0	0	0	0	0	0	0	0	0	0	0	0	0	-1	-1	1	-2	1	2	-1	-2	-1	0	0	0	0	2	-1
68	0.003169815	0	0	0	0	0	0	0	0	0	0	0	0	0	0	0	0	-1	2	-1	-2	2	0	-2	1	1	0	1	2	1	-2	-1	0
70	0.003459197	0	0	0	0	0	0	0	0	0	0	0	0	0	0	0	0	0	0	0	-1	1	-2	1	0	2	2	2	-1	2	-2	2	1
71	0.003194667	0	0	0	0	0	0	0	0	0	0	0	0	0	0	0	0	2	-2	-1	2	1	2	-1	-1	-1	-1	1	1	-1	-2	-2	0
72	0.00305484	0	0	0	0	0	0	0	0	0	0	0	0	0	0	0	0	2	2	2	2	-1	-1	-2	1	2	-2	-1	1	-1	1	2	-1
74	0.00302804	0	0	0	0	0	0	0	0	0	0	0	0	0	0	0	0	-1	2	-1	-2	2	0	-2	-1	-2	-1	1	1	2	-1	2	-1
75	0.003355215	0	0	0	0	0	0	0	0	0	0	0	0	0	0	0	0	-1	2	1	0	0	1	2	2	-1	-2	0	0	0	1	0	-1
76	0.003142021	0	0	0	0	0	0	0	0	0	0	0	0	0	0	0	0	2	2	-1	2	-1	-1	-1	1	0	-1	1	-2	-2	0	-1	1
77	0.003258918	0	0	0	0	0	0	0	0	0	0	0	0	0	0	0	0	0	0	-1	0	-1	0	2	2	-1	1	1	-1	1	-2	2	0
78	0.003551136	0	0	0	0	0	0	0	0	0	0	0	0	0	0	0	0	0	0	2	2	1	0	2	0	-1	0	0	2	1	0	1	-1
79	0.003379537	0	0	0	0	0	0	0	0	0	0	0	0	0	0	0	0	0	-1	1	0	1	-2	0	0	1	2	2	1	-1	-1	2	2
80	0.003272147	0	0	0	0	0	0	0	0	0	0	0	0	0	0	0	0	2	-2	2	0	-2	-1	-1	1	0	-1	1	-2	-2	1	0	-1
81	0.002966763	0	0	0	0	0	0	0	0	0	0	0	0	0	0	0	0	2	2	-1	2	-1	-1	2	2	2	-2	2	-2	-1	0	1	1
82	0.003276006	0	0	0	0	0	0	0	0	0	0	0	0	0	0	0	0	0	1	2	1	-2	-2	-1	0	0	0	-2	-1	0	1	0	2
83	0.003360778	0	0	0	0	0	0	0	0	0	0	0	0	0	0	0	0	-1	0	1	-1	-1	2	2	1	2	1	2	2	2	2	2	-1
84	0.003758901	0	0	0	0	0	0	0	0	0	0	0	0	0	0	0	0	2	0	0	2	2	2	-1	0	2	-1	-1	2	2	0	-2	2
85	0.003280932	0	0	0	0	0	0	0	0	0	0	0	0	0	0	0	0	2	-1	2	2	-1	0	2	2	2	-2	0	1	-1	1	-2	1
86	0.003313853	0	0	0	0	0	0	0	0	0	0	0	0	0	0	0	0	-2	-2	-2	0	-1	-1	-1	1	0	-1	1	-2	-2	1	0	-1
87	0.003102168	0	0	0	0	0	0	0	0	0	0	0	0	0	0	0	0	2	2	-1	2	-1	0	2	0	-1	-2	0	-1	-1	0	2	1
89	0.003104993	0	0	0	0	0	0	0	0	0	0	0	0	0	0	0	0	2	-2	-1	-1	1	-2	2	2	0	1	1	2	-2	0	-2	0
91	0.003488072	0	0	0	0	0	0	0	0	0	0	0	0	0	0	0	0	0	1	1	2	-2	2	1	0	2	2	2	-1	-1	2	1	0
92	0.003475297	0	0	0	0	0	0	0	0	0	0	0	0	0	0	0	0	0	-1	2	-1	-1	1	2	2	-1	-2	0	-1	-1	0	2	2
93	0.00326714	0	0	0	0	0	0	0	0	0	0	0	0	0	0	0	0	2	-1	2	2	-1	-1	-2	1	2	-2	-1	1	-1	1	-2	0
94	0.003219344	0	0	0	0	0	0	0	0	0	0	0	0	0	0	0	0	2	2	2	2	-1	0	2	2	-2	-1	1	1	1	-2	0	-2
95	0.003373547	0	0	0	0	0	0	0	0	0	0	0	0	0	0	0	0	1	0	-1	0	-2	0	2	2	1	1	0	2	1	0	-2	2
96	0.003174267	0	0	0	0	0	0	0	0	0	0	0	0	0	0	0	0	-1	-2	-1	0	2	2	-2	1	1	-1	0	-1	2	-2	1	2
97	0.003249495	0	0	0	0	0	0	0	0	0	0	0	0	0	0	0	0	0	-1	-2	2	-1	0	-2	-2	1	1	-1	1	-2	0	0	-2
98	0.003312574	0	0	0	0	0	0	0	0	0	0	0	0	0	0	0	0	-2	2	-2	2	-1	2	-2	2	0	1	2	-2	0	0	1	0
99	0.003155039	0	0	0	0	0	0	0	0	0	0	0	0	0	0	0	0	2	-1	-2	-1	1	-2	-1	0	-2	1	-2	0	1	-2	2	-2
101	0.00332229	0	0	0	0	0	0	0	0	0	0	0	0	0	0	0	0	0	0	2	1	-2	-1	2	2	2	0	1	-2	-2	1	0	0
102	0.003153622	0	0	0	0	0	0	0	0	0	0	0	0	0	0	0	0	2	-2	2	0	-2	-2	0	-1	2	-2	0	1	-1	1	-2	1
103	0.003270264	0	0	0	0	0	0	0	0	0	0	0	0	0	0	0	0	2	-1	2	2	-1	2	-1	0	2	-1	-1	2	2	0	-2	2
104	0.003354879	0	0	0	0	0	0	0	0	0	0	0	0	0	0	0	0	2	0	0	2	2	0	2	2	0	1	1	1	-2	1	0	-1
105	0.003314938	0	0	0	0	0	0	0	0	0	0	0	0	0	0	0	0	2	-2	2	1	0	2	-1	0	2	-1	0	-2	0	0	-1	0
106	0.003488775	0	0	0	0	0	0	0	0	0	0	0	0	0	0	0	0	-1	-1	0	0	-2	-1	-1	1	0	-1	1	-1	0	0	-2	-1
107	0.003268791	0	0	0	0	0	0	0	0	0	0	0	0	0	0	0	0	2	2	-1	2	1	0	2	0	-1	0	0	2	1	0	1	-1
109	0.003398973	0	0	0	0	0	0	0	0	0	0	0	0	0	0	0	0	0	0	2	2	-1	-1	-1	1	0	-1	1	1	1	-2	0	-2
110	0.003144105	0	0	0	0	0	0	0	0	0	0	0	0	0	0	0	0	2	2	2	2	-1	0	2	2	-2	-1	-2	1	-1	1	2	-1
111	0.003081832	0	0	0	0	0	0	0	0	0	0	0	0	0	0	0	0	2	2	2	2	-1	-1	-2	1	2	1	2	-2	0	0	1	0
113	0.003593372	0	0	0	0	0	0	0	0	0	0	0	0	0	0	0	0	-2	2	-2	2	2	2	-1	0	2	-1	-1	2	2	0	-2	2
114	0.003132216	0	0	0	0	0	0	0	0	0	0	0	0	0	0	0	0	2	0	0	2	-1	2	-2	2	0	-2	-1	1	2	2	2	0
117	0.003102472	0	0	0	0	0	0	0	0	0	0	0	0	0	0	0	0	2	-2	2	0	-2	-2	0	-1	1	1	-1	1	-2	0	0	-2
119	0.003252044	0	0	0	0	0	0	0	0	0	0	0	0	0	0	0	0	0	-1	-2	2	-1	0	-2	-2	0	-2	0	0	0	1	0	-1
120	0.003610589	0	0	0	0	0	0	0	0	0	0	0	0	0	0	0	0	-1	2	1	0	0	1	2	2	0	1	2	-2	0	0	1	0
121	0.003895176	0	0	0	0	0	0	0	0	0	0	0	0	0	0	0	0	-2	2	-2	2	-1	2	-2	2	-1	-1	0	2	1	1	0	2
123	0.003517337	0	0	0	0	0	0	0	0	0	0	0	0	0	0	0	0	2	-1	2	2	-1	0	-1	2	1	1	0	2	1	0	-2	2
124	0.003190664	0	0	0	0	0	0	0	0	0	0	0	0	0	0	0	0	1	0	-1	0	-2	0	2	-1	2	1	2	2	2	2	2	-1
125	0.003704797	0	0	0	0	0	0	0	0	0	0	0	0	0	0	0	0	-1	0	1	-1	-1	2	2	1	0	1	1	-2	-1	2	1	0
126	0.003172621	0	0	0	0	0	0	0	0	0	0	0	0	0	0	0	0	0	1	1	2	-2	2	1	0	2	2	2	-1	2	-2	2	1
127	0.003310604	0	0	0	0	0	0	0	0	0	0	0	0	0	0	0	0	2	-2	-1	-1	1	-2	1	0	2	2	2	-1	-1	2	1	0
128	0.003330992	0	0	0	0	0	0	0	0	0	0	0	0	0	0	0	0	0	1	1	0	-2	-2	0	-1	0	1	1	1	2	2	2	0
129	0.003166178	0	0	0	0	0	0	0	0	0	0	0	0	0	0	0	0	2	-2	2	2	-2	2	1	0	2	2	2	-1	2	2	2	-1
130	0.00322451	0	0	0	0	0	0	0	0	0	0	0	0	0	0	0	0	-1	-1	0	1	0	-2	-2	-1	2	0	1	-2	-2	1	0	-1
131	0.003490572	0	0	0	0	0	0	0	0	0	0	0	0	0	0	0	0	0	0	2	1	-2	-1	2	2	1	0	0	2	1	0	1	-1
132	0.003269987	0	0	0	0	0	0	0	0	0	0	0	0	0	0	0	0	0	-1	2	2	1	0	2	0	-1	1	1	2	1	-2	-2	2
133	0.003187899	0	0	0	0	0	0	0	0	0	0	0	0	0	0	0	0	2	0	0	2	2	2	-2	2	0	1	2	-2	0	0	1	0
134	0.003361894	0	0	0	0	0	0	0	0	0	0	0	0	0	0	0	0	-2	2	-2	2	-1	2	-1	0	2	2	2	-1	-1	2	1	0
135	0.003350021	0	0	0	0	0	0	0	0	0	0	0	0	0	0	0	0	0	1	1	2	-2	2	-1	0	2	-1	-1	2	2	0	-2	2
136	0.00347722	0	0	0	0	0	0	0	0	0	0	0	0	0	0	0	0	2	0	2	2	1	0	2	0	-1	0	0	2	1	0	1	-1
137	0.003231265	0	0	0	0	0	0	0	0	0	0	0	0	0	0	0	0	0	0	0	2	2	2	1	2	2	0	1	-2	-2	1	0	-1
138	0.003325426	0	0	0	0	0	0	0	0	0	0	0	0	0	0	0	0	0	0	2	1	-2	-1	2	0	2	-1	-1	2	1	1	0	2
139	0.003437911	0	0	0	0	0	0	0	0	0	0	0	0	0	0	0	0	2	-1	2	2	1	0	2	0	-1	0	0	2	1	0	1	-1
140	0.003382266	0	0	0	0	0	0	0	0	0	0	0	0	0	0	0	0	0	-1	2	2	-1	-1	-1	1	0	-1	-2	-1	0	0	-2	-1
141	0.003141488	0	0	0	0	0	0	0	0	0	0	0	0	0	0	0	0	2	2	-1	2	-1	0	-1	-1	0	-1	0	2	2	0	1	-2
142	0.003498449	0	0	0	0	0	0	0	0	0	0	0	0	0	0	0	0	2	-2	0	-1	-1	-1	1	-2	-2	-1	0	0	0	0	2	-1
143	0.003200609	0	0	0	0	0	0	0	0	0	0	0	0	0	0	0	0	0	-1	-1	1	-2	1	2	-1	-2	-2	0	2	1	1	0	2
144	0.00335276	0	0	0	0	0	0	0	0	0	0	0	0	0	0	0	0	2	-1	2	2	-1	-2	-1	-1	0	-1	0	-2	0	0	-1	0
145	0.00346011	0	0	0	0	0	0	0	0	0	0	0	0	0	0	0	0	-2	1	2	1	1	0	2	0	-1	0	2	2	2	2	2	-1
146	0.003346366	0	0	0	0	0	0	0	0	0	0	0	0	0	0	0	0	-1	2	1	2	-1	2	-2	2	0	1	2	-2	0	0	1	0
147	0.003358743	0	0	0	0	0	0	0	0	0	0	0	0	0	0	0	0	-2	2	2	0	-2	-1	-1	1	0	-1	1	-2	-2	1	0	-1
148	0.003082738	0	0	0	0	0	0	0	0	0	0	0	0	0	0	0	0	2	-2	-2	2	1	0	2	1	-1	2	1	-2	1	1	-2	-1
149	0.003410441	0	0	0	0	0	0	0	0	0	0	0	0	0	0	0	0	2	-1	2	2	1	0	-1	-1	0	-1	0	-2	1	0	0	2
151	0.003313068	0	0	0	0	0	0	0	0	0	0	0	0	0	0	0	0	2	-1	2	2	1	0	-1	-1	0	-1	-2	-1	0	0	-2	-1
152	0.003291015	0	0	0	0	0	0	0	0	0	0	0	0	0	0	0	0	0	-1	2	2	-1	-1	-1	1	0	-1	0	-2	1	0	-2	2
155	0.00315343	0	0	0	0	0	0	0	0	0	0	0	0	0	0	0	0	2	0	0	2	2	2	-1	0	-2	-1	0	0	0	0	2	-1
156	0.003371439	0	0	0	0	0	0	0	0	0	0	0	0	0	0	0	0	2	-2	0	-1	-1	-1	1	-2	2	-1	-1	2	2	0	0	2
158	0.003573621	0	0	0	0	0	0	0	0	0	0	0	0	0	0	0	0	2	0	2	2	1	0	2	0	-1	0	0	2	1	0	1	2
159	0.003230719	0	0	0	0	0	0	0	0	0	0	0	0	0	0	0	0	2	0	0	2	2	-1	2	2	2	0	1	-2	-2	1	0	0
161	0.003106286	0	0	0	0	0	0	0	0	0	0	0	0	0	0	0	0	0	0	2	1	-2	2	-1	0	2	-1	-1	2	1	0	1	-1
162	0.003659159	0	0	0	0	0	0	0	0	0	0	0	0	0	0	0	0	2	-1	2	2	1	0	2	1	0	-1	1	1	1	-2	0	-2
163	0.003402311	0	0	0	0	0	0	0	0	0	0	0	0	0	0	0	0	0	0	2	2	-1	-1	-1	0	-1	0	-2	-1	0	0	-2	-1
164	0.003251228	0	0	0	0	0	0	0	0	0	0	0	0	0	0	0	0	0	-1	2	2	-1	-1	-1	1	0	-1	0	2	2	0	-2	-1
166	0.00354451	0	0	0	0	0	0	0	0	0	0	0	0	0	0	0	0	2	0	2	2	1	0	2	0	-1	-1	0	0	0	0	2	-1
167	0.003715788	0	0	0	0	0	0	0	0	0	0	0	0	0	0	0	0	2	-2	0	2	2	2	-1	0	2	-1	-1	2	2	0	-2	2
168	0.003335587	0	0	0	0	0	0	0	0	0	0	0	0	0	0	0	0	2	0	0	-1	-1	-1	1	-2	-2	0	0	2	1	0	1	-1
170	0.003691822	0	0	0	0	0	0	0	0	0	0	0	0	0	0	0	0	-1	0	1	-1	-1	2	2	1	0	1	2	-2	0	0	1	0
171	0.003560581	0	0	0	0	0	0	0	0	0	0	0	0	0	0	0	0	-1	2	1	2	-1	2	-2	2	2	-1	-1	2	2	0	-2	2
172	0.003290644	0	0	0	0	0	0	0	0	0	0	0	0	0	0	0	0	2	0	0	2	2	2	-1	-1	2	-2	0	1	-1	1	-2	1
173	0.003349352	0	0	0	0	0	0	0	0	0	0	0	0	0	0	0	0	2	-2	2	0	-2	-2	0	0	0	-1	1	-1	0	0	-2	-1
174	0.003482445	0	0	0	0	0	0	0	0	0	0	0	0	0	0	0	0	-1	-1	2	2	1	0	2	0	-1	0	0	2	1	0	1	-1
175	0.003393012	0	0	0	0	0	0	0	0	0	0	0	0	0	0	0	0	2	0	0	0	-2	-1	-1	1	0	-1	0	-2	1	0	0	2
176	0.003538149	0	0	0	0	0	0	0	0	0	0	0	0	0	0	0	0	2	-1	2	2	1	0	-1	0	2	-1	-1	2	2	0	-2	2
178	0.003169693	0	0	0	0	0	0	0	0	0	0	0	0	0	0	0	0	-2	2	-2	2	2	2	-1	2	-2	-1	-2	1	-1	1	2	-1
179	0.003434851	0	0	0	0	0	0	0	0	0	0	0	0	0	0	0	0	2	2	2	2	-1	0	2	-1	0	1	1	-2	-1	2	1	-1
180	0.003647545	0	0	0	0	0	0	0	0	0	0	0	0	0	0	0	0	2	-1	2	2	1	0	2	0	-1	0	2	-2	0	0	1	0
181	0.003277501	0	0	0	0	0	0	0	0	0	0	0	0	0	0	0	0	-1	2	1	2	-1	2	-2	2	0	1	0	-1	2	2	2	-1
182	0.003146533	0	0	0	0	0	0	0	0	0	0	0	0	0	0	0	0	2	-2	2	2	-2	2	1	0	2	2	2	2	1	0	1	-1
183	0.003568847	0	0	0	0	0	0	0	0	0	0	0	0	0	0	0	0	0	0	2	1	-2	-1	2	2	1	0	0	2	1	0	1	0
184	0.003165845	0	0	0	0	0	0	0	0	0	0	0	0	0	0	0	0	0	-1	-2	2	-1	0	-1	-1	0	-1	0	2	2	0	1	-2
185	0.003153176	0	0	0	0	0	0	0	0	0	0	0	0	0	0	0	0	2	2	-1	2	-1	0	-2	1	0	-1	1	1	1	-2	0	-2
186	0.003326053	0	0	0	0	0	0	0	0	0	0	0	0	0	0	0	0	0	0	2	2	-1	-1	-1	-2	0	-2	0	0	0	1	0	0
187	0.003478977	0	0	0	0	0	0	0	0	0	0	0	0	0	0	0	0	-1	2	1	0	0	0	-1	2	1	1	0	2	1	0	-2	2
189	0.003383224	0	0	0	0	0	0	0	0	0	0	0	0	0	0	0	0	2	0	2	2	-1	2	2	1	0	1	1	-2	-1	2	1	0
190	0.003662137	0	0	0	0	0	0	0	0	0	0	0	0	0	0	0	0	-1	0	1	-2	-1	0	2	2	-1	-2	2	-2	-1	0	1	1
191	0.003335467	0	0	0	0	0	0	0	0	0	0	0	0	0	0	0	0	1	0	-1	-1	-1	1	2	2	0	1	1	-2	-1	2	1	0
193	0.003708581	0	0	0	0	0	0	0	0	0	0	0	0	0	0	0	0	-1	0	1	-1	-1	2	2	1	0	1	2	-2	0	2	2	0
194	0.003363812	0	0	0	0	0	0	0	0	0	0	0	0	0	0	0	0	0	1	1	0	-2	-2	0	-1	0	1	1	2	1	1	0	2
195	0.003185909	0	0	0	0	0	0	0	0	0	0	0	0	0	0	0	0	-2	2	-2	2	-1	2	-2	2	-1	-1	0	1	2	0	1	-1
196	0.00314175	0	0	0	0	0	0	0	0	0	0	0	0	0	0	0	0	2	-1	2	2	-1	0	-1	2	1	1	0	2	2	2	2	-1
197	0.003632929	0	0	0	0	0	0	0	0	0	0	0	0	0	0	0	0	-2	1	2	1	1	2	2	1	0	1	1	-2	-1	2	1	0
198	0.003434914	0	0	0	0	0	0	0	0	0	0	0	0	0	0	0	0	-1	0	1	-1	-1	0	2	0	-1	0	-1	2	1	1	0	2
199	0.003269614	0	0	0	0	0	0	0	0	0	0	0	0	0	0	0	0	0	0	2	1	-2	-1	2	0	2	-1	2	2	1	0	-2	2
202	0.003444669	0	0	0	0	0	0	0	0	0	0	0	0	0	0	0	0	2	-1	2	2	-1	0	-1	2	1	0	0	2	1	0	1	0
203	0.003406476	0	0	0	0	0	0	0	0	0	0	0	0	0	0	0	0	0	0	2	1	-2	-1	2	2	1	-1	0	-2	1	0	0	2
204	0.003274891	0	0	0	0	0	0	0	0	0	0	0	0	0	0	0	0	2	-1	2	2	1	0	-1	-1	0	1	-1	2	2	0	-2	2
205	0.003009838	0	0	0	0	0	0	0	0	0	0	0	0	0	0	0	0	-2	2	-2	2	2	2	-1	0	2	-1	0	2	2	2	2	-1
206	0.003484731	0	0	0	0	0	0	0	0	0	0	0	0	0	0	0	0	2	2	1	-1	-1	2	2	1	0	1	2	-2	0	0	1	0
207	0.003725729	0	0	0	0	0	0	0	0	0	0	0	0	0	0	0	0	-1	0	-1	2	-1	0	-2	0	2	-1	-1	2	2	0	-2	2
208	0.003318562	0	0	0	0	0	0	0	0	0	0	0	0	0	0	0	0	2	-2	0	2	2	2	-1	1	0	-1	1	1	1	2	1	0
209	0.003361369	0	0	0	0	0	0	0	0	0	0	0	0	0	0	0	0	-1	1	1	0	-2	-2	0	-1	0	1	1	2	1	1	0	2
210	0.003413257	0	0	0	0	0	0	0	0	0	0	0	0	0	0	0	0	0	-2	2	0	-2	-2	0	0	0	-1	1	-1	0	0	-2	-1
211	0.00336836	0	0	0	0	0	0	0	0	0	0	0	0	0	0	0	0	2	0	1	-1	-1	2	2	1	0	1	1	-2	1	0	1	2
212	0.003349508	0	0	0	0	0	0	0	0	0	0	0	0	0	0	0	0	2	0	2	2	1	0	2	0	-1	0	0	2	-1	-2	0	-2
213	0.003594556	0	0	0	0	0	0	0	0	0	0	0	0	0	0	0	0	-2	1	2	1	1	2	2	1	0	1	1	-2	-1	2	1	2
214	0.003368794	0	0	0	0	0	0	0	0	0	0	0	0	0	0	0	0	2	-1	2	2	1	0	-1	0	2	-1	-1	2	2	2	1	0
215	0.003636436	0	0	0	0	0	0	0	0	0	0	0	0	0	0	0	0	-2	1	2	2	-1	0	2	-1	0	1	1	-2	-1	2	1	-1
216	0.003508015	0	0	0	0	0	0	0	0	0	0	0	0	0	0	0	0	2	2	2	1	1	2	2	1	0	1	2	-2	-1	0	1	1
217	0.003587138	0	0	0	0	0	0	0	0	0	0	0	0	0	0	0	0	-1	0	1	-2	-1	0	2	2	0	1	1	-2	-1	2	1	0
218	0.00361334	0	0	0	0	0	0	0	0	0	0	0	0	0	0	0	0	-2	1	2	1	1	2	2	1	0	1	1	2	1	1	0	2
220	0.003629013	0	0	0	0	0	0	0	0	0	0	0	0	0	0	0	0	0	0	1	-2	-1	0	2	2	-1	-2	2	-2	-1	0	1	1
221	0.003589593	0	0	0	0	0	0	0	0	0	0	0	0	0	0	0	0	-1	0	2	2	1	0	2	0	-1	-1	0	0	0	0	2	-1
222	0.003473683	0	0	0	0	0	0	0	0	0	0	0	0	0	0	0	0	2	1	1	0	-2	-2	0	2	-1	-1	0	2	1	1	0	2
223	0.003274736	0	0	0	0	0	0	0	0	0	0	0	0	0	0	0	0	-2	2	-2	2	-1	-1	2	2	1	0	0	2	1	0	1	0
224	0.003207554	0	0	0	0	0	0	0	0	0	0	0	0	0	0	0	0	0	0	2	1	-2	2	-2	-1	-1	-2	1	-2	-1	1	0	2
225	0.003324249	0	0	0	0	0	0	0	0	0	0	0	0	0	0	0	0	0	1	1	0	-2	-2	0	-1	0	1	1	2	1	1	0	-1
226	0.003234687	0	0	0	0	0	0	0	0	0	0	0	0	0	0	0	0	-2	2	2	0	-2	-1	-1	1	0	-1	1	2	1	0	1	-1
227	0.003341916	0	0	0	0	0	0	0	0	0	0	0	0	0	0	0	0	0	-1	2	2	1	0	2	0	2	-1	-1	2	2	0	-2	2
228	0.003154325	0	0	0	0	0	0	0	0	0	0	0	0	0	0	0	0	2	-2	0	2	2	2	-1	0	-1	0	0	-2	-2	0	-2	0
229	0.003238869	0	0	0	0	0	0	0	0	0	0	0	0	0	0	0	0	2	-2	2	2	-1	-1	-1	-2	0	-2	0	0	0	1	0	0
230	0.003407783	0	0	0	0	0	0	0	0	0	0	0	0	0	0	0	0	0	0	2	2	-2	2	1	0	2	2	2	2	1	1	0	2
231	0.003200465	0	0	0	0	0	0	0	0	0	0	0	0	0	0	0	0	-2	2	-2	2	-1	2	-2	2	-1	-1	0	2	1	0	2	-1
232	0.003574927	0	0	0	0	0	0	0	0	0	0	0	0	0	0	0	0	2	0	2	2	1	0	2	0	-1	-1	0	0	0	0	1	0
234	0.003600923	0	0	0	0	0	0	0	0	0	0	0	0	0	0	0	0	-1	0	1	-1	-1	2	2	1	0	1	2	-2	0	0	1	2
235	0.003294753	0	0	0	0	0	0	0	0	0	0	0	0	0	0	0	0	-1	2	1	2	1	0	2	1	0	-1	1	1	1	-2	0	-2
236	0.003362643	0	0	0	0	0	0	0	0	0	0	0	0	0	0	0	0	2	-1	2	0	0	0	-1	2	1	1	0	2	2	0	-2	2
237	0.003711511	0	0	0	0	0	0	0	0	0	0	0	0	0	0	0	0	-1	2	1	2	-1	2	-2	2	-1	-1	0	2	1	1	0	2
238	0.003609375	0	0	0	0	0	0	0	0	0	0	0	0	0	0	0	0	-2	2	-2	2	-1	2	-2	0	-1	0	0	2	1	0	1	2
239	0.003602024	0	0	0	0	0	0	0	0	0	0	0	0	0	0	0	0	2	0	2	2	1	0	2	2	-1	-1	0	2	1	1	0	2
240	0.003522361	0	0	0	0	0	0	0	0	0	0	0	0	0	0	0	0	-2	2	-2	2	-1	2	-2	2	2	-1	-1	2	1	0	-2	-1
241	0.003326243	0	0	0	0	0	0	0	0	0	0	0	0	0	0	0	0	2	0	2	0	-2	-1	-1	1	0	-1	0	-2	1	0	0	2
242	0.00355602	0	0	0	0	0	0	0	0	0	0	0	0	0	0	0	0	2	0	0	2	1	0	2	0	0	1	1	2	1	1	0	2
243	0.003307572	0	0	0	0	0	0	0	0	0	0	0	0	0	0	0	0	0	1	1	0	-2	-2	0	0	2	-1	-1	2	2	0	-2	2
244	0.003208503	0	0	0	0	0	0	0	0	0	0	0	0	0	0	0	0	-2	2	-2	2	2	2	-1	-1	-1	0	0	2	1	0	1	-1
246	0.003452223	0	0	0	0	0	0	0	0	0	0	0	0	0	0	0	0	0	2	1	2	1	0	2	0	-1	0	0	2	1	0	1	-1
247	0.003111285	0	0	0	0	0	0	0	0	0	0	0	0	0	0	0	0	0	-1	2	2	-1	2	-2	2	0	1	0	-1	2	2	0	-1
248	0.003340209	0	0	0	0	0	0	0	0	0	0	0	0	0	0	0	0	-2	2	2	0	-2	-1	-1	1	0	-1	1	-2	-2	1	2	2
251	0.003653142	0	0	0	0	0	0	0	0	0	0	0	0	0	0	0	0	0	0	1	-2	-1	0	2	2	-1	-2	2	-2	-1	0	1	0
252	0.003475941	0	0	0	0	0	0	0	0	0	0	0	0	0	0	0	0	-2	2	-2	2	-1	-1	2	2	1	0	0	2	1	0	0	2
253	0.003344883	0	0	0	0	0	0	0	0	0	0	0	0	0	0	0	0	2	-1	2	2	1	0	-1	-1	0	-1	0	-2	1	1	2	2
254	0.003342841	0	0	0	0	0	0	0	0	0	0	0	0	0	0	0	0	-2	2	2	0	-2	-1	-1	1	0	-1	1	-2	-2	2	1	-1
255	0.003102882	0	0	0	0	0	0	0	0	0	0	0	0	0	0	0	0	-2	1	2	2	-1	2	-2	2	2	-1	-1	2	1	0	-2	-1
256	0.003255979	0	0	0	0	0	0	0	0	0	0	0	0	0	0	0	0	-2	2	-2	2	-1	0	2	-1	-1	-1	0	0	0	0	2	-1
258	0.003499815	0	0	0	0	0	0	0	0	0	0	0	0	0	0	0	0	-1	0	2	2	1	0	2	0	0	1	0	2	1	1	0	2
259	0.003368857	0	0	0	0	0	0	0	0	0	0	0	0	0	0	0	0	-1	2	1	2	-1	2	-2	1	0	1	2	-2	0	0	1	0
260	0.003433823	0	0	0	0	0	0	0	0	0	0	0	0	0	0	0	0	2	1	2	2	-1	0	2	-1	0	1	1	-2	-1	2	1	-1
261	0.003307958	0	0	0	0	0	0	0	0	0	0	0	0	0	0	0	0	-2	2	1	-1	-1	2	2	2	-1	-1	1	-2	1	0	1	2
263	0.003385904	0	0	0	0	0	0	0	0	0	0	0	0	0	0	0	0	2	0	1	-1	-1	2	2	1	0	1	1	-2	-1	0	1	1
264	0.003259716	0	0	0	0	0	0	0	0	0	0	0	0	0	0	0	0	-1	-1	0	2	2	2	-1	1	0	-1	1	1	1	2	1	0
265	0.003390327	0	0	0	0	0	0	0	0	0	0	0	0	0	0	0	0	2	-2	2	2	1	2	2	1	0	1	2	-2	0	0	1	2
266	0.003700859	0	0	0	0	0	0	0	0	0	0	0	0	0	0	0	0	-1	0	1	-1	-1	0	2	0	-1	-1	1	-2	-2	1	2	2
267	0.003605605	0	0	0	0	0	0	0	0	0	0	0	0	0	0	0	0	-2	2	2	1	1	2	2	1	0	1	1	2	1	1	0	2
268	0.003381542	0	0	0	0	0	0	0	0	0	0	0	0	0	0	0	0	-2	1	2	0	-2	-1	-1	1	0	0	1	1	1	2	1	0
269	0.003384921	0	0	0	0	0	0	0	0	0	0	0	0	0	0	0	0	2	-2	0	2	2	2	-1	1	0	-1	0	0	0	0	1	0
270	0.003058003	0	0	0	0	0	0	0	0	0	0	0	0	0	0	0	0	2	0	2	2	-1	2	-2	2	-1	-1	0	2	1	0	2	-1
271	0.003266993	0	0	0	0	0	0	0	0	0	0	0	0	0	0	0	0	-2	2	-2	2	1	0	2	0	-1	-1	0	2	1	0	1	2
272	0.003228164	0	0	0	0	0	0	0	0	0	0	0	0	0	0	0	0	0	0	2	1	-2	2	-2	-1	-1	-2	1	-2	-1	1	0	-1
273	0.003511907	0	0	0	0	0	0	0	0	0	0	0	0	0	0	0	0	2	2	2	1	1	2	2	1	0	1	2	-2	1	1	0	2
274	0.00408068	0	0	0	0	0	0	0	0	0	0	0	0	0	0	0	0	-2	2	-2	2	-1	2	-2	2	-1	-1	0	2	-1	0	0	2
275	0.00318481	0	0	0	0	0	0	0	0	0	0	0	0	0	0	0	0	-1	2	1	2	-1	2	-2	2	-1	-1	0	2	1	0	2	-1
276	0.003150503	0	0	0	0	0	0	0	0	0	0	0	0	0	0	0	0	-1	0	2	2	2	2	-1	0	-1	0	0	-2	-2	0	-2	0
278	0.003227001	0	0	0	0	0	0	0	0	0	0	0	0	0	0	0	0	0	-2	0	2	1	0	2	0	2	-1	-1	2	2	2	1	0
279	0.003204944	0	0	0	0	0	0	0	0	0	0	0	0	0	0	0	0	2	-1	2	2	1	0	-1	0	-1	0	0	-2	-2	0	-2	0
280	0.003552322	0	0	0	0	0	0	0	0	0	0	0	0	0	0	0	0	2	-2	0	2	2	2	-1	1	0	1	1	2	1	1	0	2
283	0.003645254	0	0	0	0	0	0	0	0	0	0	0	0	0	0	0	0	-2	1	2	1	1	2	2	-1	0	1	1	-2	-1	2	1	-1
284	0.003541974	0	0	0	0	0	0	0	0	0	0	0	0	0	0	0	0	-2	1	2	2	-1	0	2	0	-1	-1	0	0	1	0	1	2
285	0.003382643	0	0	0	0	0	0	0	0	0	0	0	0	0	0	0	0	-2	2	2	2	1	0	2	0	-1	-1	0	0	0	0	2	-1
286	0.003303623	0	0	0	0	0	0	0	0	0	0	0	0	0	0	0	0	-1	0	-2	2	-1	2	-2	0	0	1	2	-2	0	0	1	0
288	0.00345359	0	0	0	0	0	0	0	0	0	0	0	0	0	0	0	0	2	2	1	-1	-1	2	2	1	0	1	1	-2	-1	2	1	2
289	0.003618801	0	0	0	0	0	0	0	0	0	0	0	0	0	0	0	0	-2	1	2	1	1	2	2	1	-1	0	0	2	0	1	1	1
290	0.003251185	0	0	0	0	0	0	0	0	0	0	0	0	0	0	0	0	2	0	2	0	-2	-1	-1	-1	-1	-2	1	-2	-1	1	0	2
291	0.003399139	0	0	0	0	0	0	0	0	0	0	0	0	0	0	0	0	0	0	2	1	-2	2	-2	1	0	-1	0	2	1	1	0	2
293	0.003451189	0	0	0	0	0	0	0	0	0	0	0	0	0	0	0	0	2	0	0	2	1	0	2	0	0	1	1	-2	1	0	0	2
294	0.003337783	0	0	0	0	0	0	0	0	0	0	0	0	0	0	0	0	-1	0	2	2	1	0	2	0	-1	-1	0	2	1	1	0	-1
295	0.003508254	0	0	0	0	0	0	0	0	0	0	0	0	0	0	0	0	0	1	1	0	-1	-1	2	2	1	0	0	2	1	0	1	0
296	0.003185469	0	0	0	0	0	0	0	0	0	0	0	0	0	0	0	0	-2	2	-2	2	-2	-2	0	1	0	1	1	-2	-1	2	1	2
297	0.003530396	0	0	0	0	0	0	0	0	0	0	0	0	0	0	0	0	-2	1	1	0	-2	-2	0	2	-1	-1	0	2	1	1	0	2
299	0.003674089	0	0	0	0	0	0	0	0	0	0	0	0	0	0	0	0	2	1	2	1	1	2	2	-1	0	1	1	0	0	0	2	-1
302	0.003797766	0	0	0	0	0	0	0	0	0	0	0	0	0	0	0	0	-2	2	2	1	1	2	2	1	0	1	1	2	-2	1	2	2
303	0.003534418	0	0	0	0	0	0	0	0	0	0	0	0	0	0	0	0	-1	0	1	-1	-1	0	2	0	-1	-1	1	-2	1	0	0	2
304	0.003177134	0	0	0	0	0	0	0	0	0	0	0	0	0	0	0	0	-2	2	-2	2	1	0	2	0	-1	-1	0	2	1	1	0	-1
305	0.003300098	0	0	0	0	0	0	0	0	0	0	0	0	0	0	0	0	-1	0	2	2	-1	-1	2	2	1	0	0	-2	-1	2	1	-1
306	0.003796309	0	0	0	0	0	0	0	0	0	0	0	0	0	0	0	0	2	2	-2	2	-1	2	-2	2	-1	-1	0	2	-1	0	0	2
307	0.003251669	0	0	0	0	0	0	0	0	0	0	0	0	0	0	0	0	-2	1	2	2	-1	0	2	-1	0	1	1	2	1	0	-2	-1
308	0.003170391	0	0	0	0	0	0	0	0	0	0	0	0	0	0	0	0	2	-2	2	0	-2	2	-2	2	-1	-1	0	2	-1	0	0	2
309	0.003622606	0	0	0	0	0	0	0	0	0	0	0	0	0	0	0	0	-2	2	2	2	-1	0	2	-1	0	1	1	-2	-1	2	1	-1
311	0.003214611	0	0	0	0	0	0	0	0	0	0	0	0	0	0	0	0	2	1	-2	2	-1	-2	0	0	0	-1	1	-1	0	1	0	2
312	0.003528007	0	0	0	0	0	0	0	0	0	0	0	0	0	0	0	0	0	1	1	0	-1	-1	-1	1	0	0	1	1	1	2	1	0
313	0.003489209	0	0	0	0	0	0	0	0	0	0	0	0	0	0	0	0	-2	1	2	0	-2	-1	2	2	1	0	0	2	1	0	1	2
314	0.003276945	0	0	0	0	0	0	0	0	0	0	0	0	0	0	0	0	2	0	1	-1	-1	2	2	1	0	-1	1	-2	-2	2	1	-1
315	0.003232192	0	0	0	0	0	0	0	0	0	0	0	0	0	0	0	0	-2	2	2	0	-2	-1	-1	1	0	1	1	-2	1	0	1	0
316	0.003555534	0	0	0	0	0	0	0	0	0	0	0	0	0	0	0	0	0	0	1	2	-1	0	2	-1	0	1	1	-2	-1	2	1	-1
317	0.003575028	0	0	0	0	0	0	0	0	0	0	0	0	0	0	0	0	-2	1	2	-2	-1	0	2	2	-1	-1	0	0	0	0	2	-1
318	0.003670626	0	0	0	0	0	0	0	0	0	0	0	0	0	0	0	0	-2	2	2	1	1	2	2	-1	0	1	1	-2	-1	2	1	-1
319	0.003326942	0	0	0	0	0	0	0	0	0	0	0	0	0	0	0	0	-2	1	-2	2	-1	0	2	-1	-1	-1	0	0	0	0	2	-1
321	0.003395774	0	0	0	0	0	0	0	0	0	0	0	0	0	0	0	0	-2	2	-2	2	-1	0	2	-1	0	1	1	-2	-1	2	1	-1
322	0.003192332	0	0	0	0	0	0	0	0	0	0	0	0	0	0	0	0	-2	1	2	1	1	2	2	-1	-1	-2	2	-2	1	0	0	2
323	0.003415374	0	0	0	0	0	0	0	0	0	0	0	0	0	0	0	0	2	-1	2	2	1	0	-1	-1	0	-1	0	-2	0	0	2	-1
324	0.003426078	0	0	0	0	0	0	0	0	0	0	0	0	0	0	0	0	-2	2	2	2	1	0	2	0	-1	-1	0	0	-1	0	1	0
325	0.003446048	0	0	0	0	0	0	0	0	0	0	0	0	0	0	0	0	-1	1	1	0	-2	-2	0	-1	0	-1	0	0	1	0	1	2
326	0.003427851	0	0	0	0	0	0	0	0	0	0	0	0	0	0	0	0	-2	1	2	2	-1	0	2	1	0	1	2	-2	1	1	0	2
327	0.003373103	0	0	0	0	0	0	0	0	0	0	0	0	0	0	0	0	2	2	2	1	1	2	2	0	-1	1	0	2	1	0	2	-1
328	0.003643704	0	0	0	0	0	0	0	0	0	0	0	0	0	0	0	0	-1	2	1	2	-1	2	-2	2	-1	-1	1	2	1	1	0	2
329	0.003332664	0	0	0	0	0	0	0	0	0	0	0	0	0	0	0	0	-2	2	2	0	-2	-1	-1	1	0	-1	1	-2	-2	2	1	1
330	0.00331297	0	0	0	0	0	0	0	0	0	0	0	0	0	0	0	0	-2	1	2	1	1	2	2	1	0	-1	0	-2	1	1	2	2
331	0.003168918	0	0	0	0	0	0	0	0	0	0	0	0	0	0	0	0	2	-1	2	2	1	0	-1	-1	-1	0	0	-2	-1	2	1	2
332	0.003652258	0	0	0	0	0	0	0	0	0	0	0	0	0	0	0	0	2	2	1	-1	-1	0	2	-1	0	1	1	-2	-1	2	1	-1
333	0.003462877	0	0	0	0	0	0	0	0	0	0	0	0	0	0	0	0	2	1	2	2	-1	2	2	1	0	1	1	2	0	2	1	-1
335	0.003494296	0	0	0	0	0	0	0	0	0	0	0	0	0	0	0	0	2	1	2	2	-1	2	2	-1	0	1	1	0	0	0	2	-1
336	0.00354636	0	0	0	0	0	0	0	0	0	0	0	0	0	0	0	0	2	1	2	1	1	0	2	-1	0	1	1	-2	-1	0	1	1
338	0.003264966	0	0	0	0	0	0	0	0	0	0	0	0	0	0	0	0	2	0	1	-1	-1	2	-2	2	-1	-1	0	2	-1	0	0	2
339	0.003385649	0	0	0	0	0	0	0	0	0	0	0	0	0	0	0	0	-2	2	-2	2	-1	2	2	1	0	1	1	-2	-1	0	2	-1
340	0.003419465	0	0	0	0	0	0	0	0	0	0	0	0	0	0	0	0	-1	2	1	2	-1	2	-2	2	-1	-1	0	0	1	0	1	2
341	0.003639185	0	0	0	0	0	0	0	0	0	0	0	0	0	0	0	0	-2	1	2	2	-1	0	2	0	0	1	1	-2	-1	2	1	-1
342	0.003350376	0	0	0	0	0	0	0	0	0	0	0	0	0	0	0	0	-2	1	2	1	1	2	-2	1	0	-1	0	2	1	1	0	2
343	0.003653948	0	0	0	0	0	0	0	0	0	0	0	0	0	0	0	0	0	0	2	2	-1	2	-2	2	-1	-1	0	2	-1	0	0	2
344	0.003221848	0	0	0	0	0	0	0	0	0	0	0	0	0	0	0	0	-2	2	-2	1	-2	2	2	-1	-1	-1	0	2	1	1	1	2
345	0.003435657	0	0	0	0	0	0	0	0	0	0	0	0	0	0	0	0	2	-1	2	2	1	0	-1	-1	0	-1	0	-2	1	0	0	-1
346	0.003324988	0	0	0	0	0	0	0	0	0	0	0	0	0	0	0	0	2	0	1	-1	-1	2	2	1	0	1	0	2	1	1	0	2
347	0.003587395	0	0	0	0	0	0	0	0	0	0	0	0	0	0	0	0	-1	0	2	2	1	0	2	0	0	1	1	-2	-1	0	1	1
348	0.003222758	0	0	0	0	0	0	0	0	0	0	0	0	0	0	0	0	2	-2	0	2	2	2	2	1	0	1	1	-2	-1	0	1	1
349	0.003365329	0	0	0	0	0	0	0	0	0	0	0	0	0	0	0	0	2	0	1	-1	-1	2	-1	1	0	1	1	2	1	1	0	2
352	0.003618319	0	0	0	0	0	0	0	0	0	0	0	0	0	0	0	0	-2	2	1	-1	-1	0	2	-1	0	1	1	-2	-1	2	1	2
353	0.003372464	0	0	0	0	0	0	0	0	0	0	0	0	0	0	0	0	-2	2	2	1	1	0	2	2	-1	-1	0	0	0	1	2	-1
354	0.003308565	0	0	0	0	0	0	0	0	0	0	0	0	0	0	0	0	-2	1	2	-2	-2	-1	2	2	1	0	0	2	1	0	1	2
355	0.003612925	0	0	0	0	0	0	0	0	0	0	0	0	0	0	0	0	-2	1	2	0	-1	2	2	1	-1	-1	0	2	-1	0	0	2
356	0.003823526	0	0	0	0	0	0	0	0	0	0	0	0	0	0	0	0	2	2	-2	2	-1	2	-2	2	0	1	1	2	1	1	0	2
357	0.003664797	0	0	0	0	0	0	0	0	0	0	0	0	0	0	0	0	-2	1	2	2	-1	0	2	1	0	1	2	-2	-2	2	1	1
358	0.003642341	0	0	0	0	0	0	0	0	0	0	0	0	0	0	0	0	-2	2	2	0	-2	-1	2	-1	0	1	1	-2	-1	2	1	-1
359	0.003300582	0	0	0	0	0	0	0	0	0	0	0	0	0	0	0	0	-2	2	2	1	1	-1	-1	1	0	0	1	1	1	2	1	0
360	0.003730402	0	0	0	0	0	0	0	0	0	0	0	0	0	0	0	0	0	1	1	1	1	2	2	1	0	1	1	2	1	1	0	2
361	0.003353971	0	0	0	0	0	0	0	0	0	0	0	0	0	0	0	0	-2	2	2	0	-1	2	-1	1	0	-1	1	-2	-2	1	2	2
362	0.003149248	0	0	0	0	0	0	0	0	0	0	0	0	0	0	0	0	2	2	-2	2	-1	2	-2	2	-1	-1	0	-2	-1	2	1	-1
363	0.003443738	0	0	0	0	0	0	0	0	0	0	0	0	0	0	0	0	-2	2	2	2	-1	2	-2	0	-1	0	0	2	1	0	1	2
364	0.003357888	0	0	0	0	0	0	0	0	0	0	0	0	0	0	0	0	-2	2	-2	1	1	2	2	-1	0	1	1	2	-1	0	0	2
365	0.00342858	0	0	0	0	0	0	0	0	0	0	0	0	0	0	0	0	-2	1	2	2	-1	0	2	1	0	1	2	-2	1	1	0	-1
367	0.003581007	0	0	0	0	0	0	0	0	0	0	0	0	0	0	0	0	-2	2	2	1	1	2	2	1	0	1	1	0	0	0	2	-1
368	0.003462437	0	0	0	0	0	0	0	0	0	0	0	0	0	0	0	0	2	1	2	2	-1	0	2	-1	-1	-1	0	0	0	0	2	-1
369	0.003189413	0	0	0	0	0	0	0	0	0	0	0	0	0	0	0	0	-2	1	-2	2	1	0	-1	-1	0	-1	0	-2	1	0	0	-1
370	0.003417921	0	0	0	0	0	0	0	0	0	0	0	0	0	0	0	0	2	-1	2	2	-1	2	-2	2	-1	-1	0	2	-1	0	0	2
371	0.003276074	0	0	0	0	0	0	0	0	0	0	0	0	0	0	0	0	-2	2	-2	2	-1	2	2	-1	0	1	1	2	1	0	2	-1
373	0.00365217	0	0	0	0	0	0	0	0	0	0	0	0	0	0	0	0	2	2	2	1	1	2	2	1	0	1	1	2	1	1	0	2
374	0.003635749	0	0	0	0	0	0	0	0	0	0	0	0	0	0	0	0	-2	2	2	1	1	2	2	0	-1	1	0	-2	-1	2	1	-1
375	0.003438511	0	0	0	0	0	0	0	0	0	0	0	0	0	0	0	0	-2	2	2	1	1	2	2	-1	0	1	1	2	1	1	0	2
376	0.003642051	0	0	0	0	0	0	0	0	0	0	0	0	0	0	0	0	-2	2	2	1	-1	2	-2	2	-1	-1	0	2	-1	0	0	2
377	0.003498544	0	0	0	0	0	0	0	0	0	0	0	0	0	0	0	0	-2	2	-2	2	1	2	2	1	0	1	1	1	1	2	1	0
378	0.003541404	0	0	0	0	0	0	0	0	0	0	0	0	0	0	0	0	0	1	1	0	-1	-1	-1	1	0	1	1	2	1	1	0	2
379	0.00351989	0	0	0	0	0	0	0	0	0	0	0	0	0	0	0	0	-2	2	2	1	1	2	2	1	0	0	1	2	1	1	0	2
380	0.003428209	0	0	0	0	0	0	0	0	0	0	0	0	0	0	0	0	-1	1	1	0	-2	-2	0	-1	0	-1	0	0	1	0	0	2
381	0.003282618	0	0	0	0	0	0	0	0	0	0	0	0	0	0	0	0	-2	2	2	1	1	2	2	1	0	-1	0	-2	1	1	2	2
382	0.003639077	0	0	0	0	0	0	0	0	0	0	0	0	0	0	0	0	-2	1	2	1	1	2	2	1	0	1	1	2	1	0	1	2
383	0.003801486	0	0	0	0	0	0	0	0	0	0	0	0	0	0	0	0	-1	1	1	0	-2	0	2	-1	0	1	1	-2	-1	2	1	-1
384	0.003482724	0	0	0	0	0	0	0	0	0	0	0	0	0	0	0	0	0	0	1	2	-1	-2	0	-1	0	-1	0	0	1	1	1	2
385	0.003709843	0	0	0	0	0	0	0	0	0	0	0	0	0	0	0	0	-2	2	2	1	1	2	2	1	0	1	1	2	-2	1	0	2
387	0.003503473	0	0	0	0	0	0	0	0	0	0	0	0	0	0	0	0	-1	0	1	-1	-1	0	2	0	-1	-1	1	2	1	1	0	2
388	0.003139709	0	0	0	0	0	0	0	0	0	0	0	0	0	0	0	0	-1	2	1	2	-1	2	-2	2	-1	-1	1	-2	1	0	2	2
391	0.003748125	0	0	0	0	0	0	0	0	0	0	0	0	0	0	0	0	-2	2	-2	2	-1	2	-2	2	-1	-1	0	2	-1	0	2	2
392	0.003509462	0	0	0	0	0	0	0	0	0	0	0	0	0	0	0	0	-2	2	2	1	1	2	2	2	-1	-1	0	2	-1	0	0	2
393	0.003553741	0	0	0	0	0	0	0	0	0	0	0	0	0	0	0	0	0	0	2	2	-1	2	2	1	0	1	1	2	0	2	1	-1
394	0.00323394	0	0	0	0	0	0	0	0	0	0	0	0	0	0	0	0	2	1	2	2	-1	2	-2	1	0	1	1	0	0	0	2	-1
395	0.003689151	0	0	0	0	0	0	0	0	0	0	0	0	0	0	0	0	-2	1	2	2	-1	2	2	1	0	1	1	-2	-1	0	2	-1
396	0.00339505	0	0	0	0	0	0	0	0	0	0	0	0	0	0	0	0	-2	2	-2	-2	-1	0	2	2	-1	-1	0	2	-2	1	0	2
397	0.003626919	0	0	0	0	0	0	0	0	0	0	0	0	0	0	0	0	-1	2	1	2	-1	0	2	-1	0	1	1	-2	-1	2	1	-1
398	0.003241336	0	0	0	0	0	0	0	0	0	0	0	0	0	0	0	0	2	2	1	-1	-1	2	-2	2	-1	-1	1	2	1	1	0	2
399	0.003251949	0	0	0	0	0	0	0	0	0	0	0	0	0	0	0	0	2	2	-2	2	-1	2	-2	2	-1	-1	0	2	-1	2	1	-1
400	0.003635126	0	0	0	0	0	0	0	0	0	0	0	0	0	0	0	0	-1	1	1	0	-2	0	2	-1	0	-1	0	0	0	0	2	-1
401	0.003458568	0	0	0	0	0	0	0	0	0	0	0	0	0	0	0	0	2	1	2	2	-1	0	2	0	-1	-1	1	2	1	1	0	2
402	0.003691297	0	0	0	0	0	0	0	0	0	0	0	0	0	0	0	0	-1	0	1	-1	-1	0	2	-1	-1	1	1	-2	-1	1	0	2
403	0.003460455	0	0	0	0	0	0	0	0	0	0	0	0	0	0	0	0	-2	2	-2	-2	-1	0	2	2	-1	1	1	2	0	2	1	-1
404	0.003554446	0	0	0	0	0	0	0	0	0	0	0	0	0	0	0	0	2	-1	2	2	-1	0	2	2	-1	-1	0	2	-2	1	0	2
405	0.003444669	0	0	0	0	0	0	0	0	0	0	0	0	0	0	0	0	-2	2	-2	-2	-1	2	2	-1	0	1	1	2	-1	0	0	2
406	0.003457788	0	0	0	0	0	0	0	0	0	0	0	0	0	0	0	0	-2	2	-2	1	1	2	2	1	0	1	1	-2	-1	2	1	-1
407	0.003433863	0	0	0	0	0	0	0	0	0	0	0	0	0	0	0	0	-1	1	1	0	-2	0	2	-1	0	-1	0	2	-1	2	1	-1
408	0.003749967	0	0	0	0	0	0	0	0	0	0	0	0	0	0	0	0	-1	1	1	0	-2	0	2	2	-1	-1	0	2	-1	0	0	2
409	0.003443147	0	0	0	0	0	0	0	0	0	0	0	0	0	0	0	0	-2	2	2	1	1	2	2	-1	0	1	1	2	-1	0	0	2
410	0.003450517	0	0	0	0	0	0	0	0	0	0	0	0	0	0	0	0	-2	2	2	1	1	2	2	2	-1	-1	1	2	1	1	0	2
411	0.003456466	0	0	0	0	0	0	0	0	0	0	0	0	0	0	0	0	0	1	1	1	1	2	2	1	0	1	0	-2	-2	1	0	2
412	0.003554815	0	0	0	0	0	0	0	0	0	0	0	0	0	0	0	0	-2	2	2	1	1	0	2	-1	0	1	1	-2	-1	2	1	-1
413	0.003718029	0	0	0	0	0	0	0	0	0	0	0	0	0	0	0	0	-1	2	1	2	-1	2	2	1	-1	-1	0	2	-1	0	0	2
414	0.003364958	0	0	0	0	0	0	0	0	0	0	0	0	0	0	0	0	-2	2	1	-1	-1	0	2	0	-1	-1	1	2	1	1	0	2
415	0.00377131	0	0	0	0	0	0	0	0	0	0	0	0	0	0	0	0	-1	0	-2	2	-1	2	-2	2	0	0	1	2	1	0	0	2
416	0.003465732	0	0	0	0	0	0	0	0	0	0	0	0	0	0	0	0	-1	0	2	2	-1	0	2	1	0	1	2	-2	1	1	0	-1
417	0.003308144	0	0	0	0	0	0	0	0	0	0	0	0	0	0	0	0	-2	1	2	2	-1	-1	2	2	1	0	0	-2	-1	2	1	2
418	0.003406755	0	0	0	0	0	0	0	0	0	0	0	0	0	0	0	0	-2	2	-2	2	-1	2	-2	2	-1	-1	0	2	-1	0	2	-1
419	0.003464102	0	0	0	0	0	0	0	0	0	0	0	0	0	0	0	0	0	0	1	2	-1	-2	0	-1	0	-1	1	2	-2	1	0	2
420	0.003500962	0	0	0	0	0	0	0	0	0	0	0	0	0	0	0	0	-2	2	2	1	1	2	2	1	0	1	0	0	1	1	0	2
421	0.003218984	0	0	0	0	0	0	0	0	0	0	0	0	0	0	0	0	2	2	-2	2	-1	2	-2	2	0	1	2	-2	1	1	0	-1
422	0.003778131	0	0	0	0	0	0	0	0	0	0	0	0	0	0	0	0	-2	1	2	2	-1	0	2	1	0	1	1	2	1	1	1	2
423	0.003117587	0	0	0	0	0	0	0	0	0	0	0	0	0	0	0	0	2	2	-2	2	-1	2	-2	2	-1	-1	1	-2	-1	2	1	-1
424	0.003419961	0	0	0	0	0	0	0	0	0	0	0	0	0	0	0	0	-1	1	1	0	-2	0	2	-1	0	-1	1	2	1	1	0	2
425	0.003763337	0	0	0	0	0	0	0	0	0	0	0	0	0	0	0	0	-1	0	1	-1	-1	0	2	0	-1	1	0	-2	-1	2	1	-1
426	0.003531218	0	0	0	0	0	0	0	0	0	0	0	0	0	0	0	0	-2	2	2	1	1	2	2	0	-1	1	1	2	1	1	0	2
427	0.003508598	0	0	0	0	0	0	0	0	0	0	0	0	0	0	0	0	2	2	2	1	1	2	2	1	0	1	0	0	1	0	0	2
428	0.003413681	0	0	0	0	0	0	0	0	0	0	0	0	0	0	0	0	-1	1	1	0	-2	-2	0	-1	0	-1	0	0	1	1	1	2
429	0.003588801	0	0	0	0	0	0	0	0	0	0	0	0	0	0	0	0	0	0	1	2	-1	-2	0	-1	0	-1	0	2	-1	0	1	2
430	0.003835218	0	0	0	0	0	0	0	0	0	0	0	0	0	0	0	0	-2	2	1	-1	-1	0	2	-1	0	1	1	-2	-1	2	1	-1
431	0.003428765	0	0	0	0	0	0	0	0	0	0	0	0	0	0	0	0	0	0	2	2	-1	2	2	0	-1	-1	1	2	1	1	0	2
432	0.003548161	0	0	0	0	0	0	0	0	0	0	0	0	0	0	0	0	-1	0	1	-1	-1	0	2	1	0	1	1	2	1	0	0	2
433	0.003591969	0	0	0	0	0	0	0	0	0	0	0	0	0	0	0	0	-1	1	1	0	-2	-2	-2	2	-1	-1	0	2	-1	0	0	2
434	0.003340332	0	0	0	0	0	0	0	0	0	0	0	0	0	0	0	0	-2	2	-2	2	-1	2	0	-1	0	-1	0	0	1	1	0	2
435	0.003437841	0	0	0	0	0	0	0	0	0	0	0	0	0	0	0	0	2	0	1	2	-1	-2	0	-1	0	-1	0	0	1	1	1	2
436	0.00412727	0	0	0	0	0	0	0	0	0	0	0	0	0	0	0	0	0	2	-2	2	-1	2	-2	2	0	1	1	2	0	2	0	2
437	0.003488339	0	0	0	0	0	0	0	0	0	0	0	0	0	0	0	0	-1	0	1	-1	-1	0	2	-1	-1	1	0	0	1	0	0	2
438	0.003326283	0	0	0	0	0	0	0	0	0	0	0	0	0	0	0	0	2	2	2	1	-1	-2	0	-1	0	-1	0	0	1	1	1	2
439	0.003272477	0	0	0	0	0	0	0	0	0	0	0	0	0	0	0	0	2	0	1	2	1	2	2	1	0	1	0	-2	-2	1	0	2
440	0.003695445	0	0	0	0	0	0	0	0	0	0	0	0	0	0	0	0	0	1	1	1	1	2	2	1	0	1	1	-2	0	2	1	-1
441	0.00351563	0	0	0	0	0	0	0	0	0	0	0	0	0	0	0	0	-2	2	-2	-2	-1	2	-2	2	-1	-1	0	2	-1	0	0	2
442	0.003924238	0	0	0	0	0	0	0	0	0	0	0	0	0	0	0	0	-2	2	-2	2	-1	0	2	2	-1	1	1	2	-1	1	0	2
443	0.003624332	0	0	0	0	0	0	0	0	0	0	0	0	0	0	0	0	2	1	2	2	-1	2	-2	2	0	1	1	2	0	2	0	2
444	0.003399332	0	0	0	0	0	0	0	0	0	0	0	0	0	0	0	0	0	2	-2	2	-1	0	2	0	-1	1	1	0	0	0	2	-1
445	0.003429342	0	0	0	0	0	0	0	0	0	0	0	0	0	0	0	0	-2	2	2	1	1	2	-2	2	-1	-1	0	2	-1	0	0	2
446	0.003138317	0	0	0	0	0	0	0	0	0	0	0	0	0	0	0	0	2	2	-2	2	-1	2	2	1	0	-1	1	2	1	1	0	-1
447	0.003256718	0	0	0	0	0	0	0	0	0	0	0	0	0	0	0	0	2	2	-2	2	-1	2	-2	2	0	1	2	-2	1	2	1	-1
448	0.003520016	0	0	0	0	0	0	0	0	0	0	0	0	0	0	0	0	-2	2	2	0	-2	-1	2	-1	0	1	1	-2	-1	2	1	2
449	0.00364229	0	0	0	0	0	0	0	0	0	0	0	0	0	0	0	0	-2	2	1	-1	-1	0	2	-1	0	1	0	0	0	0	2	-1
450	0.003513101	0	0	0	0	0	0	0	0	0	0	0	0	0	0	0	0	-1	1	1	0	-2	0	2	-1	0	-1	1	-2	-1	1	0	2
451	0.003628399	0	0	0	0	0	0	0	0	0	0	0	0	0	0	0	0	-2	2	-2	2	-1	2	-2	2	-1	-1	0	2	-1	0	0	-1
452	0.003612843	0	0	0	0	0	0	0	0	0	0	0	0	0	0	0	0	2	0	1	2	-1	2	-2	2	-1	-1	0	2	-1	0	0	2
453	0.003198502	0	0	0	0	0	0	0	0	0	0	0	0	0	0	0	0	2	2	-2	2	-1	-2	0	-1	0	-1	0	0	-1	0	0	2
454	0.003756891	0	0	0	0	0	0	0	0	0	0	0	0	0	0	0	0	-2	2	-2	2	-1	2	-2	2	-1	-1	0	2	1	1	1	2
455	0.003753152	0	0	0	0	0	0	0	0	0	0	0	0	0	0	0	0	-2	2	-2	2	-1	2	-2	2	-1	-1	1	2	1	1	0	2
456	0.003403899	0	0	0	0	0	0	0	0	0	0	0	0	0	0	0	0	0	0	2	2	-1	2	2	0	-1	-1	0	-2	-1	2	1	-1
457	0.00345246	0	0	0	0	0	0	0	0	0	0	0	0	0	0	0	0	-2	2	2	0	-2	-1	2	-1	0	1	1	2	-1	0	0	2
458	0.003691982	0	0	0	0	0	0	0	0	0	0	0	0	0	0	0	0	0	1	1	1	1	2	2	1	0	1	1	0	0	0	2	-1
459	0.003508918	0	0	0	0	0	0	0	0	0	0	0	0	0	0	0	0	-2	2	2	1	1	0	2	2	-1	-1	0	2	-1	0	0	2
460	0.003620951	0	0	0	0	0	0	0	0	0	0	0	0	0	0	0	0	-1	1	1	0	-2	2	2	-1	0	1	1	2	-1	0	0	2
461	0.003482139	0	0	0	0	0	0	0	0	0	0	0	0	0	0	0	0	-2	2	1	1	1	2	2	1	0	1	0	-2	-2	1	0	2
462	0.003476185	0	0	0	0	0	0	0	0	0	0	0	0	0	0	0	0	0	1	-2	-2	-1	2	-2	2	-1	-1	0	2	-1	0	0	2
463	0.003520504	0	0	0	0	0	0	0	0	0	0	0	0	0	0	0	0	0	0	2	2	-1	2	2	0	-1	-1	0	2	-1	0	0	2
464	0.0036788	0	0	0	0	0	0	0	0	0	0	0	0	0	0	0	0	-2	2	1	0	-2	0	2	2	-1	-1	0	2	-1	0	0	2
465	0.003657577	0	0	0	0	0	0	0	0	0	0	0	0	0	0	0	0	-1	1	-2	2	-1	2	2	1	0	1	1	2	1	1	0	2
466	0.003660653	0	0	0	0	0	0	0	0	0	0	0	0	0	0	0	0	0	1	1	1	1	2	-2	2	-1	1	1	2	1	1	0	2
467	0.003381378	0	0	0	0	0	0	0	0	0	0	0	0	0	0	0	0	-2	2	2	1	1	2	2	0	-1	-1	0	2	-1	0	2	-1
468	0.003875355	0	0	0	0	0	0	0	0	0	0	0	0	0	0	0	0	-2	2	-2	2	-1	2	-2	2	-1	1	1	2	1	0	0	2
469	0.003530943	0	0	0	0	0	0	0	0	0	0	0	0	0	0	0	0	-2	2	2	1	1	2	2	-1	0	1	1	2	-1	1	0	2
470	0.003258916	0	0	0	0	0	0	0	0	0	0	0	0	0	0	0	0	-2	2	-2	-2	-1	2	2	-1	0	-1	0	2	-1	0	0	2
471	0.004145091	0	0	0	0	0	0	0	0	0	0	0	0	0	0	0	0	-2	2	-2	2	-1	2	-2	2	-1	1	1	2	-1	0	0	2
472	0.003586303	0	0	0	0	0	0	0	0	0	0	0	0	0	0	0	0	-2	2	-2	-2	-1	0	2	2	-1	1	1	2	-2	1	0	2
473	0.003339315	0	0	0	0	0	0	0	0	0	0	0	0	0	0	0	0	2	0	1	2	1	2	2	1	0	1	0	-2	0	2	0	2
474	0.003625349	0	0	0	0	0	0	0	0	0	0	0	0	0	0	0	0	2	1	2	2	-1	2	-2	2	0	1	1	2	0	2	1	2
475	0.003577683	0	0	0	0	0	0	0	0	0	0	0	0	0	0	0	0	-2	2	1	0	-2	0	2	2	-1	-1	0	2	0	2	0	2
476	0.003421796	0	0	0	0	0	0	0	0	0	0	0	0	0	0	0	0	2	1	2	-1	-1	0	2	-1	0	1	1	-2	-1	2	1	2
477	0.00366837	0	0	0	0	0	0	0	0	0	0	0	0	0	0	0	0	-2	2	1	2	-1	0	2	0	-1	1	0	-2	-1	2	1	-1
478	0.003451509	0	0	0	0	0	0	0	0	0	0	0	0	0	0	0	0	-1	0	1	-1	-1	2	-2	2	0	1	1	2	-1	0	0	-1
479	0.003487705	0	0	0	0	0	0	0	0	0	0	0	0	0	0	0	0	0	0	2	2	-1	2	2	0	-1	-1	0	0	0	0	2	-1
480	0.003659719	0	0	0	0	0	0	0	0	0	0	0	0	0	0	0	0	-2	2	1	-1	1	2	2	1	0	1	1	-2	0	2	1	-1
481	0.003736977	0	0	0	0	0	0	0	0	0	0	0	0	0	0	0	0	0	1	1	1	-1	2	2	1	0	1	1	2	1	1	0	2
482	0.003400729	0	0	0	0	0	0	0	0	0	0	0	0	0	0	0	0	-2	2	2	1	1	0	2	-1	0	1	0	2	-1	2	0	2
483	0.003119833	0	0	0	0	0	0	0	0	0	0	0	0	0	0	0	0	2	1	2	2	-1	2	-2	2	0	-1	0	-2	-1	2	1	-1
484	0.003998018	0	0	0	0	0	0	0	0	0	0	0	0	0	0	0	0	0	2	-2	2	-1	2	-2	2	-1	-1	0	2	-1	0	0	2
485	0.003743477	0	0	0	0	0	0	0	0	0	0	0	0	0	0	0	0	-2	0	2	2	-1	2	-2	2	0	1	1	2	0	2	0	2
486	0.003566006	0	0	0	0	0	0	0	0	0	0	0	0	0	0	0	0	2	1	2	2	-1	2	-2	2	-1	1	1	2	1	1	0	2
487	0.003544415	0	0	0	0	0	0	0	0	0	0	0	0	0	0	0	0	0	1	1	1	1	2	2	0	-1	1	1	2	0	0	0	-1
488	0.003728065	0	0	0	0	0	0	0	0	0	0	0	0	0	0	0	0	0	1	1	1	1	2	2	1	0	1	1	0	0	0	2	1
489	0.003997384	0	0	0	0	0	0	0	0	0	0	0	0	0	0	0	0	-2	2	-2	2	-1	2	-2	2	-1	1	1	2	1	1	0	2
490	0.003651451	0	0	0	0	0	0	0	0	0	0	0	0	0	0	0	0	-2	2	2	1	1	2	2	1	0	1	1	-2	-1	2	1	-1
491	0.003426767	0	0	0	0	0	0	0	0	0	0	0	0	0	0	0	0	-2	2	1	-1	-1	0	2	2	-1	1	1	2	1	0	0	2
492	0.003489899	0	0	0	0	0	0	0	0	0	0	0	0	0	0	0	0	-2	2	-2	2	-1	2	-2	-1	0	1	1	2	1	0	0	2
493	0.003641893	0	0	0	0	0	0	0	0	0	0	0	0	0	0	0	0	-1	1	1	1	1	2	2	1	0	1	1	0	0	0	2	-1
494	0.003508296	0	0	0	0	0	0	0	0	0	0	0	0	0	0	0	0	0	1	1	0	-2	0	2	-1	0	1	1	2	1	0	0	2
495	0.003735099	0	0	0	0	0	0	0	0	0	0	0	0	0	0	0	0	-2	2	-2	2	-1	0	2	2	-1	-1	0	2	-1	0	0	2
496	0.003549927	0	0	0	0	0	0	0	0	0	0	0	0	0	0	0	0	-2	2	1	1	1	2	2	1	0	1	1	0	0	0	2	-1
497	0.00367664	0	0	0	0	0	0	0	0	0	0	0	0	0	0	0	0	0	1	1	0	-2	0	2	2	-1	-1	0	2	-1	0	0	2
498	0.003354464	0	0	0	0	0	0	0	0	0	0	0	0	0	0	0	0	-2	2	1	0	-2	2	-2	2	-1	-1	1	-2	-1	0	2	-1
499	0.003557788	0	0	0	0	0	0	0	0	0	0	0	0	0	0	0	0	-2	2	1	-1	-1	0	2	-1	0	1	0	0	0	1	1	2
500	0.003365306	0	0	0	0	0	0	0	0	0	0	0	0	0	0	0	0	-2	2	-2	2	1	2	2	-1	0	1	1	-2	0	2	1	-1
501	0.003674226	0	0	0	0	0	0	0	0	0	0	0	0	0	0	0	0	-2	1	1	1	1	2	2	1	0	1	1	2	-1	0	0	2
502	0.003381767	0	0	0	0	0	0	0	0	0	0	0	0	0	0	0	0	-2	2	-2	2	-1	2	-2	2	0	1	2	-2	1	2	1	-1
503	0.003391166	0	0	0	0	0	0	0	0	0	0	0	0	0	0	0	0	2	2	1	0	-2	0	2	2	-1	-1	0	2	-1	1	0	2
504	0.003802421	0	0	0	0	0	0	0	0	0	0	0	0	0	0	0	0	-2	2	-2	2	-1	2	-2	2	-1	1	1	2	1	0	1	2
505	0.003380868	0	0	0	0	0	0	0	0	0	0	0	0	0	0	0	0	-2	2	1	-2	-1	2	-2	2	-1	-1	0	2	-1	0	0	2
506	0.00337638	0	0	0	0	0	0	0	0	0	0	0	0	0	0	0	0	0	1	-2	-1	-1	0	2	-1	0	1	1	-2	-1	2	0	2
507	0.003290552	0	0	0	0	0	0	0	0	0	0	0	0	0	0	0	0	-2	2	-2	-1	-1	0	2	-1	-1	1	0	0	1	0	0	2
508	0.003858451	0	0	0	0	0	0	0	0	0	0	0	0	0	0	0	0	-1	0	1	2	-1	2	-2	2	-1	-1	0	2	-1	0	0	2
509	0.003370515	0	0	0	0	0	0	0	0	0	0	0	0	0	0	0	0	2	2	1	0	-2	0	2	2	-1	-1	0	2	1	1	0	2
510	0.003069244	0	0	0	0	0	0	0	0	0	0	0	0	0	0	0	0	2	2	1	0	-2	2	-2	2	-1	-1	1	-2	-1	0	2	-1
511	0.003903324	0	0	0	0	0	0	0	0	0	0	0	0	0	0	0	0	-2	1	2	2	-1	2	-2	2	-1	1	1	2	-1	0	0	2
512	0.004036704	0	0	0	0	0	0	0	0	0	0	0	0	0	0	0	0	0	2	-2	2	-1	2	-2	2	-1	-1	0	2	-1	1	0	2
513	0.003593404	0	0	0	0	0	0	0	0	0	0	0	0	0	0	0	0	-1	0	1	2	-1	0	2	-1	0	1	1	-2	-1	2	1	-1
514	0.003500168	0	0	0	0	0	0	0	0	0	0	0	0	0	0	0	0	-2	2	1	-1	-1	2	-2	2	-1	-1	0	2	-1	0	0	2
515	0.003415576	0	0	0	0	0	0	0	0	0	0	0	0	0	0	0	0	-2	2	1	-2	-1	2	-2	2	-1	1	1	2	0	0	0	-1
516	0.003800347	0	0	0	0	0	0	0	0	0	0	0	0	0	0	0	0	0	2	-2	2	-1	2	-2	2	-1	1	1	2	1	0	1	2
517	0.003458688	0	0	0	0	0	0	0	0	0	0	0	0	0	0	0	0	-2	1	1	1	1	2	2	0	-1	-1	0	2	-1	0	0	2
518	0.003560872	0	0	0	0	0	0	0	0	0	0	0	0	0	0	0	0	-2	2	1	1	1	2	2	1	0	1	1	0	0	0	2	2
519	0.003442409	0	0	0	0	0	0	0	0	0	0	0	0	0	0	0	0	-2	2	-2	-2	-1	0	2	2	-1	1	0	2	-1	0	0	2
520	0.003708801	0	0	0	0	0	0	0	0	0	0	0	0	0	0	0	0	-2	2	-2	2	-2	0	2	2	-1	-1	0	2	0	2	0	2
521	0.003719364	0	0	0	0	0	0	0	0	0	0	0	0	0	0	0	0	-2	2	1	0	-1	0	2	2	-1	-1	1	2	-2	1	0	2
522	0.00340673	0	0	0	0	0	0	0	0	0	0	0	0	0	0	0	0	-2	2	2	1	1	0	2	-1	0	1	0	2	-1	1	0	2
523	0.003310727	0	0	0	0	0	0	0	0	0	0	0	0	0	0	0	0	-2	2	-2	-2	-1	0	2	2	-1	1	1	0	0	0	2	-1
524	0.003634551	0	0	0	0	0	0	0	0	0	0	0	0	0	0	0	0	-2	2	1	1	1	2	2	1	0	1	1	2	-1	0	0	2
525	0.003898308	0	0	0	0	0	0	0	0	0	0	0	0	0	0	0	0	0	2	-2	2	-1	2	-2	2	-1	-1	0	2	1	1	0	2
526	0.0037246	0	0	0	0	0	0	0	0	0	0	0	0	0	0	0	0	-2	2	-2	2	-1	2	-2	2	-1	1	0	0	1	0	0	2
527	0.003713426	0	0	0	0	0	0	0	0	0	0	0	0	0	0	0	0	-1	2	-2	2	-1	0	2	2	-1	-1	0	2	-1	0	0	2
528	0.003672505	0	0	0	0	0	0	0	0	0	0	0	0	0	0	0	0	-2	0	1	-1	-1	0	2	-1	-1	-1	0	2	-2	0	0	2
529	0.0035763	0	0	0	0	0	0	0	0	0	0	0	0	0	0	0	0	0	2	-2	2	-1	2	-2	2	-1	-1	0	2	-1	2	0	-1
530	0.003699877	0	0	0	0	0	0	0	0	0	0	0	0	0	0	0	0	0	1	1	0	-1	2	-2	2	-1	1	1	2	-1	0	0	2
531	0.003374446	0	0	0	0	0	0	0	0	0	0	0	0	0	0	0	0	-2	2	-2	2	1	2	2	1	0	1	1	-2	0	2	1	-1
532	0.003557026	0	0	0	0	0	0	0	0	0	0	0	0	0	0	0	0	-2	2	1	-1	-2	0	2	2	-1	-1	0	2	-1	0	0	2
533	0.00344779	0	0	0	0	0	0	0	0	0	0	0	0	0	0	0	0	0	2	-2	2	-1	0	2	0	-1	1	0	-2	-1	2	1	-1
534	0.003721718	0	0	0	0	0	0	0	0	0	0	0	0	0	0	0	0	-2	2	1	2	-1	2	-2	2	-1	1	1	2	1	0	1	2
535	0.003579375	0	0	0	0	0	0	0	0	0	0	0	0	0	0	0	0	0	2	-2	2	-1	2	-2	2	0	1	1	2	-1	0	0	-1
536	0.003491824	0	0	0	0	0	0	0	0	0	0	0	0	0	0	0	0	-1	0	1	-1	-1	2	-2	2	-1	-1	0	2	-1	0	0	2
537	0.003863021	0	0	0	0	0	0	0	0	0	0	0	0	0	0	0	0	-2	2	-2	2	-1	2	-2	2	-1	-1	0	2	1	0	0	2
538	0.003508001	0	0	0	0	0	0	0	0	0	0	0	0	0	0	0	0	0	1	1	0	-2	0	2	-1	-1	1	1	2	1	0	0	2
539	0.004356769	0	0	0	0	0	0	0	0	0	0	0	0	0	0	0	0	-2	2	-2	2	-1	2	-2	2	-1	1	1	2	-2	1	0	2
540	0.003273097	0	0	0	0	0	0	0	0	0	0	0	0	0	0	0	0	-2	2	-2	-2	-1	0	2	2	0	1	1	2	0	0	2	-1
541	0.003651034	0	0	0	0	0	0	0	0	0	0	0	0	0	0	0	0	0	0	2	2	1	2	2	1	0	1	1	2	-1	0	0	2
542	0.003736045	0	0	0	0	0	0	0	0	0	0	0	0	0	0	0	0	-2	1	1	1	-1	2	-2	2	-1	1	1	2	1	1	0	2
543	0.003337858	0	0	0	0	0	0	0	0	0	0	0	0	0	0	0	0	2	1	2	2	-1	2	2	0	-1	-1	0	0	1	1	0	2
544	0.003730999	0	0	0	0	0	0	0	0	0	0	0	0	0	0	0	0	-2	2	-2	2	-1	2	2	1	0	1	1	2	-1	0	0	2
545	0.003576107	0	0	0	0	0	0	0	0	0	0	0	0	0	0	0	0	-2	1	1	1	1	2	-2	2	-1	-1	0	2	-1	0	0	2
546	0.004112055	0	0	0	0	0	0	0	0	0	0	0	0	0	0	0	0	-1	0	-2	2	-1	2	-2	2	-1	1	1	2	-1	1	0	2
547	0.00410328	0	0	0	0	0	0	0	0	0	0	0	0	0	0	0	0	-2	2	1	2	-1	2	-2	2	-1	1	1	2	-2	0	0	2
548	0.003798232	0	0	0	0	0	0	0	0	0	0	0	0	0	0	0	0	0	1	2	2	-1	2	-2	2	-1	1	1	2	-1	0	0	2
549	0.003725665	0	0	0	0	0	0	0	0	0	0	0	0	0	0	0	0	-2	0	2	2	-1	2	-2	2	-1	-1	0	2	-1	1	0	2
550	0.003878568	0	0	0	0	0	0	0	0	0	0	0	0	0	0	0	0	0	2	-2	2	1	2	-2	2	-1	-1	0	2	-1	0	0	2
551	0.003739205	0	0	0	0	0	0	0	0	0	0	0	0	0	0	0	0	-2	2	-2	2	-1	2	2	1	0	1	0	2	-1	0	0	2
552	0.003517916	0	0	0	0	0	0	0	0	0	0	0	0	0	0	0	0	-2	2	1	-1	-1	0	2	2	-1	-1	0	2	-1	0	0	2
553	0.004061385	0	0	0	0	0	0	0	0	0	0	0	0	0	0	0	0	-1	2	-2	2	-1	2	-2	2	-1	-1	0	2	-1	0	0	2
554	0.003647158	0	0	0	0	0	0	0	0	0	0	0	0	0	0	0	0	0	2	-2	2	-1	2	-2	2	-1	1	1	2	-1	0	0	-1
555	0.004185826	0	0	0	0	0	0	0	0	0	0	0	0	0	0	0	0	0	2	-2	2	-1	2	-2	2	-1	1	1	2	-2	1	0	2
556	0.00357886	0	0	0	0	0	0	0	0	0	0	0	0	0	0	0	0	-1	2	-2	0	-1	0	2	2	-1	-1	1	2	-2	1	0	2
557	0.003837862	0	0	0	0	0	0	0	0	0	0	0	0	0	0	0	0	-2	2	1	2	-1	0	2	2	0	1	0	2	0	2	0	2
558	0.003753279	0	0	0	0	0	0	0	0	0	0	0	0	0	0	0	0	-2	2	-2	2	-2	0	2	2	-1	-1	1	2	-1	0	0	2
559	0.003640345	0	0	0	0	0	0	0	0	0	0	0	0	0	0	0	0	-2	2	1	-1	-2	2	-2	2	-1	1	1	2	-1	0	0	-1
560	0.003967392	0	0	0	0	0	0	0	0	0	0	0	0	0	0	0	0	0	2	-2	2	-1	2	-2	2	0	1	1	2	-1	0	0	2
561	0.003426414	0	0	0	0	0	0	0	0	0	0	0	0	0	0	0	0	-2	2	1	0	-2	0	2	-1	-1	1	1	2	1	0	0	2
562	0.003572386	0	0	0	0	0	0	0	0	0	0	0	0	0	0	0	0	0	1	1	-1	-1	2	-2	2	-1	1	1	2	-1	0	0	2
563	0.003933486	0	0	0	0	0	0	0	0	0	0	0	0	0	0	0	0	-2	1	2	2	-2	0	2	2	-1	-1	0	2	-1	0	0	2
564	0.003179981	0	0	0	0	0	0	0	0	0	0	0	0	0	0	0	0	-2	2	1	-2	-1	2	-2	2	-1	-1	0	2	1	0	0	2
565	0.004025397	0	0	0	0	0	0	0	0	0	0	0	0	0	0	0	0	-2	2	-2	2	-1	2	-2	2	-1	1	1	2	0	0	0	2
566	0.003456867	0	0	0	0	0	0	0	0	0	0	0	0	0	0	0	0	-2	2	-2	2	-1	0	2	2	-1	-1	0	2	-1	0	0	-1
567	0.003694468	0	0	0	0	0	0	0	0	0	0	0	0	0	0	0	0	-1	2	-2	2	-2	0	2	2	-1	-1	0	2	0	2	0	2
568	0.003532662	0	0	0	0	0	0	0	0	0	0	0	0	0	0	0	0	-2	2	1	-1	-2	2	-2	2	-1	-1	0	2	-1	0	0	2
569	0.003924854	0	0	0	0	0	0	0	0	0	0	0	0	0	0	0	0	-2	1	2	2	-2	0	2	2	-1	1	1	2	0	0	0	2
570	0.003803666	0	0	0	0	0	0	0	0	0	0	0	0	0	0	0	0	-1	2	-2	0	-1	2	-2	2	-1	-1	0	2	-1	0	0	2
571	0.003651536	0	0	0	0	0	0	0	0	0	0	0	0	0	0	0	0	0	2	-2	2	-1	0	2	2	-1	-1	0	2	-1	0	0	2
572	0.003776016	0	0	0	0	0	0	0	0	0	0	0	0	0	0	0	0	-2	2	-2	2	-1	0	2	2	-1	-1	1	2	-2	1	0	2
573	0.003713398	0	0	0	0	0	0	0	0	0	0	0	0	0	0	0	0	-2	2	-2	2	-1	2	2	2	-1	-1	0	2	0	2	0	2
574	0.004069057	0	0	0	0	0	0	0	0	0	0	0	0	0	0	0	0	-1	2	-2	2	-2	0	-2	2	-1	-1	0	2	-1	0	0	2
575	0.004041088	0	0	0	0	0	0	0	0	0	0	0	0	0	0	0	0	-2	2	-2	2	-1	2	-2	2	0	1	1	2	-1	0	0	2
576	0.003642757	0	0	0	0	0	0	0	0	0	0	0	0	0	0	0	0	0	2	-2	2	-2	0	2	2	-1	-1	0	2	0	2	0	2
577	0.004128734	0	0	0	0	0	0	0	0	0	0	0	0	0	0	0	0	-1	2	-2	2	-1	2	-2	2	-1	1	1	2	-1	0	0	2
578	0.003815781	0	0	0	0	0	0	0	0	0	0	0	0	0	0	0	0	0	1	2	2	-1	2	-2	2	-1	1	1	2	-2	0	0	2
579	0.003883046	0	0	0	0	0	0	0	0	0	0	0	0	0	0	0	0	-2	2	1	2	-1	2	-2	2	-1	-1	0	2	-1	0	0	2
580	0.004282885	0	0	0	0	0	0	0	0	0	0	0	0	0	0	0	0	-2	2	-2	2	-1	2	-2	2	-1	1	0	2	-1	0	0	2
581	0.003939361	0	0	0	0	0	0	0	0	0	0	0	0	0	0	0	0	-2	2	-2	2	-1	2	-2	2	-1	-1	1	2	-1	0	0	2
582	0.003806614	0	0	0	0	0	0	0	0	0	0	0	0	0	0	0	0	-2	2	-2	2	-2	0	2	2	-1	-1	0	2	-1	1	0	2
583	0.003686856	0	0	0	0	0	0	0	0	0	0	0	0	0	0	0	0	-2	0	2	2	-1	2	-2	2	-1	-1	1	2	-1	0	0	2
584	0.004097976	0	0	0	0	0	0	0	0	0	0	0	0	0	0	0	0	0	2	-2	2	-1	2	-2	2	0	1	1	2	-1	1	0	2
585	0.003482525	0	0	0	0	0	0	0	0	0	0	0	0	0	0	0	0	-2	2	-2	2	-1	0	2	2	-1	-1	0	2	-2	0	0	-1
0	0.0034624 	0	0	0	0	0	0	0	0	0	0	0	0	0	0	0	0	0	-2	-1	0	-2	-2	-2	-1	1	0	-2	2	-1	0	0	2
1	0.0033359 	0	0	0	0	0	0	0	0	0	0	0	0	0	0	0	0	-2	-2	0	2	1	2	2	1	-2	-2	2	-1	0	-2	0	-1
2	0.0036358 	0	0	0	0	0	0	0	0	0	0	0	0	0	0	0	0	-2	1	2	2	1	-1	0	2	-2	-2	-1	-1	1	2	1	0
3	0.0029702 	0	0	0	0	0	0	0	0	0	0	0	0	0	0	0	0	0	-2	2	-1	0	2	-2	0	2	-1	-1	0	1	-2	2	-2
4	0.0032049 	0	0	0	0	0	0	0	0	0	0	0	0	0	0	0	0	-1	1	-2	1	1	1	1	-1	1	1	-2	0	2	1	-2	1
5	0.0034779 	0	0	0	0	0	0	0	0	0	0	0	0	0	0	0	0	1	1	-2	-1	1	1	1	2	-1	1	1	-1	1	-1	-1	0
6	0.0032764 	0	0	0	0	0	0	0	0	0	0	0	0	0	0	0	0	1	-1	0	0	-2	-1	2	1	0	-2	-2	1	1	-1	1	0
7	0.0035002 	0	0	0	0	0	0	0	0	0	0	0	0	0	0	0	0	-2	1	-2	-2	0	1	-2	-2	-2	-2	-1	-1	2	0	-1	2
8	0.0032860 	0	0	0	0	0	0	0	0	0	0	0	0	0	0	0	0	0	-2	2	-1	-2	0	0	-2	-2	2	1	0	0	-1	0	0
9	0.0034145 	0	0	0	0	0	0	0	0	0	0	0	0	0	0	0	0	0	-2	-1	1	2	-1	1	1	1	-1	2	-2	2	1	2	1

