2.358999999999999986e+01
2.907469999999999999e+01
2.614000000000000057e+01
2.781609999999999872e+01
3.031719999999999970e+01
2.650410000000000110e+01
2.540429999999999922e+01
2.910999999999999943e+01
2.428000000000000114e+01
2.771859999999999857e+01
3.103960000000000008e+01
2.882460000000000022e+01
2.566000000000000014e+01
2.960000000000000142e+01
2.543949999999999889e+01
2.775900000000000034e+01
2.667999999999999972e+01
2.569999999999999929e+01
2.203509999999999991e+01
2.692360000000000042e+01
2.835510000000000019e+01
