3.443147000000000135e-03
3.285798999999999838e-03
3.860034000000000035e-03
3.977536999999999739e-03
3.976859000000000123e-03
4.048506000000000327e-03
3.743476999999999829e-03
3.370515000000000143e-03
4.003465000000000322e-03
3.995938999999999568e-03
2.909402000000000169e-03
3.273683999999999795e-03
3.942822999999999814e-03
3.460110000000000182e-03
3.168522000000000005e-03
3.397547999999999801e-03
4.073977000000000327e-03
3.605605000000000008e-03
3.968659000000000249e-03
4.007674999999999606e-03
3.444669000000000030e-03
3.515050000000000032e-03
3.080465000000000113e-03
3.073150000000000187e-03
3.332124000000000110e-03
3.964739999999999584e-03
3.369575000000000087e-03
3.081734000000000036e-03
3.563029000000000109e-03
3.929616999999999832e-03
3.075660000000000026e-03
3.154469999999999930e-03
3.132273999999999996e-03
3.981995000000000326e-03
3.973260000000000160e-03
3.921291000000000360e-03
3.226029000000000049e-03
3.758900999999999822e-03
3.241598999999999956e-03
3.884227999999999986e-03
3.232707999999999936e-03
3.913686000000000421e-03
3.914240000000000254e-03
4.051576999999999783e-03
3.200609000000000093e-03
3.274735999999999880e-03
3.472696999999999850e-03
3.177133999999999861e-03
3.705598000000000052e-03
3.931356000000000434e-03
3.357166999999999877e-03
3.570399000000000142e-03
3.483269000000000209e-03
3.947616999999999619e-03
4.011543999999999700e-03
3.265168000000000150e-03
3.959967000000000001e-03
3.030016999999999867e-03
3.102881999999999949e-03
3.384920999999999937e-03
3.967627999999999953e-03
3.961489999999999803e-03
3.938940000000000149e-03
3.544509999999999848e-03
3.489898999999999866e-03
3.234686999999999979e-03
3.268791000000000058e-03
3.662137000000000205e-03
3.972968000000000333e-03
3.117897000000000116e-03
3.124992999999999955e-03
3.290644000000000121e-03
4.058922000000000398e-03
3.962595000000000180e-03
3.974535999999999868e-03
3.958986999999999749e-03
3.929395999999999931e-03
3.927469999999999746e-03
3.117149999999999956e-03
3.959398000000000258e-03
3.898537000000000096e-03
3.956031999999999951e-03
4.051889000000000358e-03
3.957925999999999632e-03
3.414500000000000000e-03
3.252852000000000087e-03
3.415576000000000029e-03
3.491127000000000119e-03
3.991968999999999726e-03
4.080679999999999724e-03
3.206557000000000070e-03
4.019935999999999995e-03
3.169215999999999873e-03
3.936674999999999723e-03
3.081575999999999933e-03
3.200708999999999933e-03
3.939490999999999826e-03
3.957159000000000024e-03
3.933713999999999614e-03
3.348841999999999878e-03
3.701163999999999843e-03
3.544414999999999979e-03
3.924043999999999796e-03
3.960118999999999792e-03
3.980524000000000041e-03
3.330677000000000203e-03
3.961422000000000034e-03
3.940690000000000165e-03
3.953752999999999955e-03
3.933677000000000007e-03
3.992985999999999584e-03
3.153176000000000156e-03
3.520503999999999821e-03
3.990274999999999725e-03
3.255678000000000131e-03
2.984843000000000045e-03
3.625828000000000211e-03
3.609040999999999898e-03
3.968690999999999885e-03
3.146340000000000074e-03
3.965630000000000370e-03
3.184810000000000158e-03
3.736044999999999904e-03
3.026015999999999862e-03
3.955186999999999765e-03
3.299853000000000161e-03
3.602024000000000111e-03
4.006060999999999997e-03
3.058003000000000110e-03
3.975211000000000196e-03
3.198502000000000203e-03
3.989170999999999689e-03
3.725664999999999966e-03
3.177051000000000180e-03
3.670626000000000184e-03
3.061529999999999807e-03
3.214611000000000031e-03
3.070824000000000210e-03
3.577709000000000097e-03
3.979675999999999700e-03
2.987843999999999917e-03
3.219343999999999852e-03
4.000693999999999952e-03
3.189219000000000082e-03
3.108407000000000097e-03
3.919080999999999607e-03
3.500961999999999824e-03
3.708580999999999857e-03
3.913320999999999987e-03
4.000491000000000116e-03
3.249494999999999814e-03
3.927967000000000090e-03
4.018752999999999909e-03
3.986214000000000077e-03
3.134626000000000166e-03
3.998470999999999970e-03
3.292359999999999818e-03
3.434913999999999849e-03
3.208503000000000136e-03
3.257106000000000064e-03
3.452460000000000077e-03
3.352760000000000202e-03
4.014641999999999690e-03
3.877409999999999971e-03
3.587138000000000132e-03
3.207554000000000047e-03
3.107898999999999905e-03
3.708800999999999851e-03
4.011848000000000150e-03
3.511906999999999876e-03
3.493224000000000069e-03
3.243096000000000000e-03
3.255039999999999843e-03
3.443738000000000007e-03
3.477899999999999915e-03
3.925852999999999982e-03
3.426077999999999936e-03
3.932394999999999988e-03
3.560581000000000162e-03
3.941267000000000034e-03
2.972892999999999890e-03
3.559313000000000147e-03
3.169814999999999872e-03
3.220376000000000054e-03
3.163762000000000085e-03
3.763336999999999846e-03
3.066045999999999789e-03
3.120986999999999980e-03
3.364957999999999925e-03
3.528007000000000105e-03
4.024904000000000155e-03
3.149246000000000077e-03
3.462437000000000067e-03
3.175494000000000060e-03
4.356768999999999920e-03
3.891245000000000207e-03
3.651535999999999931e-03
3.530750000000000034e-03
3.015799999999999904e-03
4.004134000000000339e-03
3.204943999999999935e-03
3.214643000000000101e-03
3.114791999999999908e-03
3.594556000000000053e-03
3.933152999999999996e-03
4.010188999999999941e-03
3.577518999999999925e-03
4.036704000000000334e-03
3.082737999999999798e-03
3.382266000000000092e-03
3.498544000000000133e-03
3.149835000000000135e-03
3.360389999999999992e-03
3.901627999999999867e-03
3.406755000000000026e-03
4.004123000000000057e-03
3.200605000000000030e-03
3.892309000000000047e-03
3.906294999999999733e-03
3.964515000000000053e-03
3.753044000000000085e-03
3.902025999999999845e-03
4.078603000000000089e-03
3.920124999999999998e-03
3.956000000000000315e-03
3.957991999999999587e-03
3.976826000000000146e-03
3.081366999999999787e-03
3.241336000000000044e-03
3.645961999999999988e-03
3.677238000000000208e-03
3.644275000000000205e-03
4.010877999999999839e-03
3.273068000000000071e-03
3.922384999999999587e-03
3.552691000000000182e-03
4.008651000000000228e-03
3.269382999999999838e-03
3.691297000000000068e-03
3.088511999999999855e-03
3.996427000000000312e-03
3.929583999999999855e-03
3.756891000000000050e-03
3.218983999999999821e-03
3.642340999999999895e-03
3.210426000000000165e-03
3.344882999999999884e-03
3.329541000000000098e-03
3.488718000000000027e-03
3.330602000000000215e-03
3.272477000000000198e-03
4.057808000000000422e-03
3.251185000000000186e-03
3.695444999999999893e-03
3.270845000000000089e-03
3.065680999999999788e-03
3.916676000000000012e-03
3.961031000000000274e-03
3.330992000000000067e-03
3.967217999999999786e-03
3.409323000000000128e-03
4.011240000000000118e-03
3.054840000000000073e-03
2.992332999999999799e-03
4.066707000000000134e-03
4.065812000000000245e-03
3.798231999999999910e-03
3.290551999999999973e-03
3.975217999999999981e-03
3.614159000000000035e-03
3.997383999999999660e-03
3.312573999999999987e-03
3.241443000000000102e-03
3.038550000000000105e-03
4.048758999999999865e-03
3.456466000000000052e-03
3.174267000000000147e-03
3.185908999999999790e-03
3.506056999999999924e-03
3.110185000000000120e-03
3.107837000000000013e-03
3.421215999999999927e-03
3.800346999999999927e-03
3.954164999999999937e-03
3.977661999999999864e-03
3.939085999999999629e-03
3.951920000000000259e-03
3.916494000000000399e-03
4.077146999999999716e-03
3.739204999999999786e-03
3.659158999999999936e-03
3.921675999999999808e-03
3.085542000000000146e-03
3.642289999999999851e-03
3.953868000000000139e-03
4.127269999999999724e-03
4.012802000000000209e-03
3.906306000000000014e-03
3.285959000000000189e-03
3.233939999999999818e-03
3.385903999999999910e-03
3.803665999999999818e-03
3.574926999999999879e-03
3.924238000000000032e-03
3.898308000000000068e-03
3.587640000000000013e-03
3.608323999999999993e-03
2.980356999999999885e-03
3.205425999999999935e-03
3.940647999999999720e-03
4.005184000000000175e-03
3.183437999999999806e-03
3.927382000000000095e-03
3.974731999999999918e-03
3.159822000000000065e-03
3.962364999999999811e-03
3.285999999999999859e-03
3.912703000000000014e-03
3.910448999999999870e-03
3.029810999999999876e-03
4.143710999999999575e-03
3.434851000000000050e-03
3.488852000000000186e-03
4.081350000000000082e-03
3.343917000000000070e-03
3.482723999999999976e-03
3.381302000000000092e-03
4.066591999999999950e-03
3.959937999999999653e-03
3.952296999999999581e-03
3.227001000000000175e-03
3.198710000000000008e-03
3.459196999999999793e-03
3.192364999999999960e-03
3.123032999999999886e-03
4.118634999999999831e-03
3.059343999999999866e-03
3.924622000000000006e-03
3.930814999999999830e-03
3.642756999999999939e-03
3.143782999999999821e-03
3.264965999999999789e-03
3.984136999999999575e-03
3.556020000000000014e-03
3.124029999999999863e-03
3.492580999999999811e-03
3.950193999999999754e-03
3.689150999999999889e-03
4.144105000000000358e-03
3.308976999999999839e-03
3.987599999999999999e-03
4.062468999999999976e-03
3.454075999999999935e-03
3.373103000000000126e-03
3.722192999999999943e-03
3.411424000000000140e-03
4.015725000000000371e-03
3.284051999999999978e-03
3.653141999999999848e-03
3.437678999999999908e-03
3.300098000000000007e-03
3.370128000000000013e-03
4.016668000000000148e-03
3.922298999999999751e-03
3.276068000000000036e-03
3.151381999999999881e-03
4.010076999999999912e-03
3.267139999999999975e-03
3.355214999999999934e-03
3.985485999999999890e-03
3.540661000000000069e-03
3.329111999999999957e-03
3.549398999999999957e-03
3.003700000000000207e-03
3.951388000000000122e-03
3.347394000000000064e-03
3.458688000000000127e-03
3.978029000000000114e-03
3.943654999999999904e-03
3.094219000000000049e-03
3.621449000000000109e-03
3.940113999999999769e-03
3.289312999999999872e-03
3.412465999999999850e-03
3.212174999999999839e-03
3.258589000000000103e-03
3.050180999999999899e-03
3.142021000000000050e-03
4.093760000000000107e-03
3.971633999999999928e-03
3.295469999999999997e-03
3.607121000000000025e-03
3.500168000000000116e-03
3.984872000000000414e-03
3.937557000000000383e-03
3.966195999999999958e-03
3.192331999999999982e-03
3.221847999999999813e-03
3.332663999999999939e-03
3.985421000000000276e-03
3.904660999999999809e-03
3.917658000000000078e-03
3.939360999999999731e-03
3.903470999999999937e-03
3.303425000000000025e-03
3.979075999999999794e-03
3.398084999999999908e-03
3.957724999999999611e-03
3.922606999999999830e-03
3.362642999999999795e-03
3.196346000000000083e-03
3.484731000000000026e-03
3.975829000000000168e-03
3.975023000000000271e-03
3.255512999999999810e-03
3.153430000000000035e-03
3.984782000000000081e-03
3.993911999999999636e-03
3.929188999999999599e-03
3.361368999999999902e-03
4.013548999999999936e-03
3.200413000000000042e-03
3.704797000000000125e-03
4.029416000000000074e-03
3.734437000000000173e-03
3.099573999999999906e-03
4.012228999999999969e-03
3.080004999999999809e-03
3.379884000000000100e-03
3.188029000000000210e-03
3.326088999999999955e-03
3.438857000000000025e-03
3.324249000000000041e-03
3.335900000000000150e-03
3.117586999999999789e-03
3.553746999999999896e-03
3.392820999999999858e-03
3.274703999999999809e-03
3.959795000000000328e-03
3.918762999999999587e-03
3.150684999999999857e-03
3.944434000000000135e-03
3.335929000000000064e-03
3.368359999999999931e-03
3.950646999999999839e-03
3.369098999999999965e-03
3.499713000000000216e-03
3.541973999999999817e-03
3.579375000000000091e-03
3.127991000000000105e-03
3.169665999999999803e-03
4.156286000000000355e-03
3.898499000000000148e-03
3.230718999999999952e-03
3.089880000000000144e-03
3.119212000000000113e-03
4.113766999999999945e-03
3.815780999999999860e-03
3.501279999999999844e-03
3.060105000000000030e-03
3.902173000000000100e-03
3.512705999999999988e-03
3.498448999999999830e-03
3.429342000000000154e-03
3.956745999999999701e-03
3.975280000000000306e-03
3.259422000000000100e-03
3.989201999999999852e-03
3.231022000000000061e-03
3.652170000000000156e-03
3.992728000000000076e-03
3.955605000000000059e-03
3.139884999999999812e-03
3.326052999999999822e-03
3.936621999999999864e-03
4.274776000000000097e-03
3.150502999999999811e-03
3.994153999999999760e-03
3.963172000000000049e-03
3.179645999999999948e-03
3.505280999999999848e-03
4.024322999999999789e-03
4.066733000000000327e-03
3.329657000000000189e-03
4.032495999999999997e-03
3.554814999999999798e-03
3.259010000000000119e-03
3.273822000000000017e-03
3.105760999999999852e-03
3.470609999999999841e-03
3.405888000000000145e-03
3.857134999999999817e-03
3.764823999999999948e-03
3.012771000000000025e-03
2.961984999999999878e-03
3.966766000000000042e-03
4.016348999999999787e-03
3.699361999999999876e-03
3.042695000000000208e-03
3.159237000000000069e-03
3.488072000000000047e-03
3.944440999999999919e-03
3.628399000000000034e-03
3.917226999999999688e-03
3.110453999999999910e-03
3.651700999999999819e-03
3.120290999999999863e-03
3.381766999999999933e-03
3.140196000000000046e-03
3.989819000000000351e-03
3.311801000000000068e-03
3.102188000000000081e-03
4.124018999999999602e-03
3.307608999999999983e-03
3.943137000000000204e-03
3.835218000000000047e-03
3.957229999999999949e-03
4.009780000000000115e-03
3.578860000000000114e-03
3.970651999999999862e-03
3.462400000000000026e-03
3.269986999999999807e-03
3.901442000000000191e-03
3.748125000000000154e-03
3.962783999999999578e-03
4.185826000000000130e-03
3.436982999999999792e-03
3.980037999999999979e-03
4.080901999999999967e-03
3.968118999999999987e-03
3.222758000000000046e-03
3.051978999999999803e-03
3.973410999999999610e-03
3.476185000000000126e-03
3.051163999999999873e-03
3.065604999999999893e-03
4.047417999999999676e-03
3.673064000000000190e-03
3.915248999999999986e-03
3.276944999999999858e-03
3.207361000000000153e-03
3.499893999999999922e-03
3.406730000000000175e-03
3.640345000000000126e-03
3.245520999999999909e-03
3.261457000000000158e-03
3.179971000000000186e-03
3.802420999999999839e-03
3.208298999999999960e-03
3.985283000000000055e-03
3.929766999999999809e-03
3.236235000000000066e-03
3.268486000000000134e-03
4.027725999999999702e-03
4.069010999999999982e-03
3.969878999999999943e-03
3.908375000000000390e-03
3.166177999999999961e-03
3.450592000000000156e-03
3.967899999999999899e-03
2.999861999999999841e-03
4.042976999999999682e-03
3.456888999999999882e-03
3.210905999999999916e-03
3.308414999999999880e-03
3.451509000000000174e-03
3.308564999999999857e-03
3.075243999999999981e-03
3.906447000000000391e-03
3.983327000000000048e-03
3.162728000000000067e-03
3.898160999999999814e-03
3.624332000000000074e-03
3.983170000000000287e-03
3.914347999999999786e-03
3.732833999999999978e-03
3.291014999999999999e-03
3.339314999999999818e-03
3.247312000000000028e-03
3.930743999999999905e-03
4.027598999999999763e-03
3.986184999999999728e-03
3.928057000000000423e-03
3.964165000000000397e-03
3.489209000000000060e-03
3.437911000000000092e-03
3.452222999999999924e-03
3.946400000000000081e-03
4.031629999999999589e-03
3.938040000000000290e-03
3.408748000000000073e-03
3.467507999999999788e-03
3.406475999999999862e-03
3.428764999999999851e-03
3.154966999999999841e-03
2.889039999999999837e-03
3.956466999999999970e-03
3.227948999999999923e-03
3.295595000000000122e-03
3.426404999999999989e-03
4.001532000000000353e-03
3.746938999999999912e-03
3.934164999999999884e-03
4.025397000000000003e-03
2.951326000000000210e-03
3.672504999999999954e-03
3.968166000000000401e-03
3.113355999999999849e-03
3.941715000000000149e-03
3.954423999999999786e-03
3.207569999999999866e-03
3.983173999999999916e-03
3.464102000000000153e-03
3.008400000000000050e-03
3.322282000000000186e-03
3.226461999999999820e-03
3.971788999999999875e-03
4.004072000000000013e-03
3.625348999999999933e-03
3.527504999999999790e-03
3.464409999999999799e-03
3.641893000000000213e-03
3.983676999999999704e-03
3.647544999999999867e-03
4.024755999999999993e-03
3.177856000000000170e-03
3.013961999999999804e-03
3.266993000000000154e-03
3.066840999999999838e-03
3.338848000000000163e-03
3.212257999999999954e-03
3.585950000000000075e-03
3.239129999999999787e-03
3.965914000000000071e-03
3.313690000000000212e-03
3.120622999999999887e-03
2.986103999999999842e-03
3.475297000000000022e-03
3.194475999999999913e-03
3.458567999999999972e-03
3.923387999999999876e-03
4.051784000000000115e-03
4.051968999999999883e-03
3.353436999999999911e-03
3.981016999999999889e-03
3.994557999999999616e-03
3.199609999999999867e-03
3.951767999999999600e-03
3.927869999999999973e-03
3.427850999999999988e-03
3.174586000000000074e-03
3.635799999999999796e-03
4.000769999999999847e-03
3.929906000000000371e-03
3.111285000000000092e-03
3.532730999999999892e-03
4.055747999999999645e-03
3.546360000000000137e-03
3.674089000000000174e-03
3.465073999999999845e-03
3.993517000000000247e-03
3.981163999999999710e-03
3.719364000000000177e-03
4.017706000000000229e-03
3.028040000000000072e-03
4.053188000000000103e-03
3.987860999999999663e-03
3.992855000000000015e-03
3.342841000000000042e-03
3.728065000000000025e-03
3.984862999999999947e-03
4.005657999999999615e-03
3.551948999999999992e-03
3.580809999999999809e-03
3.477220000000000050e-03
3.776016000000000095e-03
3.153784000000000188e-03
3.395315999999999786e-03
3.985597999999999919e-03
3.959985000000000067e-03
3.903658999999999862e-03
4.006507000000000297e-03
3.141698999999999967e-03
3.900572000000000154e-03
3.094756000000000156e-03
3.957922000000000003e-03
3.652257999999999807e-03
3.211111000000000000e-03
3.438169000000000034e-03
3.960886999999999741e-03
3.942170000000000049e-03
3.801164000000000105e-03
3.276006000000000144e-03
4.026400999999999765e-03
3.370059999999999809e-03
3.927289999999999948e-03
3.522532000000000094e-03
3.936527999999999902e-03
3.306320000000000179e-03
4.053639999999999848e-03
3.260036000000000010e-03
4.111878999999999708e-03
3.358836999999999934e-03
3.966848000000000249e-03
3.337679999999999987e-03
4.033998999999999918e-03
3.490571999999999946e-03
3.967641000000000050e-03
3.806613999999999831e-03
3.691821999999999986e-03
3.256815000000000144e-03
2.970200000000000097e-03
4.046519999999999631e-03
4.123947999999999676e-03
3.217568000000000077e-03
3.155357000000000127e-03
3.977955000000000033e-03
3.142717000000000167e-03
3.903952000000000030e-03
3.963646000000000356e-03
3.271076999999999839e-03
3.927281999999999822e-03
3.872561000000000059e-03
4.018222000000000113e-03
3.468291999999999990e-03
3.335466999999999946e-03
4.007988999999999996e-03
3.508597999999999925e-03
3.382642999999999848e-03
3.482525000000000204e-03
3.399989999999999870e-03
3.962941999999999680e-03
3.311617000000000206e-03
3.659719000000000080e-03
3.457787999999999834e-03
3.954980000000000301e-03
3.475941000000000187e-03
3.512842999999999868e-03
3.937793000000000196e-03
3.882150000000000011e-03
3.944122999999999900e-03
3.508015000000000178e-03
3.863758000000000123e-03
3.067181999999999895e-03
3.933800000000000317e-03
3.730999000000000034e-03
3.956437000000000148e-03
3.314399999999999898e-03
3.861608999999999788e-03
3.919085999999999577e-03
4.114246000000000222e-03
4.145091000000000053e-03
3.394971000000000100e-03
3.518124999999999985e-03
3.600922999999999798e-03
3.977538000000000080e-03
3.904493000000000200e-03
3.753152000000000051e-03
3.876130000000000200e-03
3.349351999999999885e-03
3.138787999999999995e-03
3.975776999999999783e-03
4.111891000000000330e-03
4.112054999999999877e-03
3.981229000000000191e-03
3.914881000000000263e-03
3.951752000000000216e-03
3.924183000000000358e-03
3.020943999999999800e-03
3.951403000000000033e-03
3.990238000000000118e-03
4.096779000000000046e-03
3.310603999999999977e-03
3.069637999999999967e-03
3.460454999999999868e-03
4.001914999999999986e-03
3.462877000000000056e-03
3.647158000000000171e-03
3.088535999999999799e-03
3.508918000000000193e-03
3.231265000000000092e-03
4.010579000000000227e-03
4.023497000000000011e-03
4.060303999999999823e-03
3.959490999999999879e-03
3.643704000000000214e-03
3.255978999999999991e-03
3.562061999999999954e-03
3.110409000000000177e-03
3.270250000000000153e-03
3.944981000000000182e-03
3.449682999999999829e-03
3.966477000000000371e-03
4.082602000000000279e-03
3.153298000000000125e-03
3.078775000000000175e-03
3.400728999999999905e-03
3.488198000000000080e-03
3.337857999999999971e-03
3.909857000000000089e-03
3.104868000000000211e-03
3.258477999999999982e-03
3.398973000000000012e-03
3.619615000000000072e-03
4.007377999999999808e-03
3.440098999999999848e-03
3.985060000000000338e-03
3.055421000000000005e-03
3.946223999999999912e-03
3.930611999999999995e-03
3.153622000000000022e-03
3.583970000000000124e-03
3.119832999999999808e-03
3.467548999999999892e-03
3.548219999999999933e-03
3.152808999999999907e-03
3.395776999999999997e-03
3.205676000000000185e-03
3.678799999999999865e-03
3.721718000000000161e-03
3.211897000000000016e-03
3.176160999999999828e-03
3.442409000000000007e-03
3.931055000000000139e-03
3.963389999999999795e-03
3.326679999999999828e-03
3.926032000000000306e-03
3.191914000000000123e-03
3.650257000000000068e-03
4.019571999999999902e-03
3.232192000000000051e-03
3.878568000000000206e-03
3.053037000000000199e-03
3.784323999999999934e-03
3.393195999999999799e-03
3.111097000000000168e-03
3.618319000000000049e-03
3.591968999999999978e-03
4.043951999999999963e-03
3.978187000000000216e-03
3.676640000000000116e-03
3.991558000000000085e-03
3.399332000000000135e-03
3.929921999999999756e-03
3.564877000000000150e-03
3.422435000000000147e-03
3.318142000000000053e-03
3.797766000000000162e-03
4.018734000000000368e-03
4.062373999999999673e-03
3.056469000000000026e-03
3.914464000000000311e-03
3.948707000000000085e-03
3.365306000000000200e-03
3.974502999999999890e-03
3.401186000000000053e-03
4.061249000000000282e-03
3.945897999999999767e-03
3.184920999999999846e-03
3.324859999999999795e-03
3.355050000000000046e-03
3.941690000000000298e-03
3.912267999999999996e-03
3.403412000000000191e-03
3.875355000000000032e-03
3.211476000000000001e-03
3.929636999999999714e-03
3.589592999999999864e-03
3.435077999999999829e-03
3.576106999999999810e-03
3.979902999999999913e-03
3.359804999999999996e-03
3.504071000000000095e-03
3.576300000000000139e-03
3.986186000000000069e-03
3.531592999999999972e-03
3.553076999999999971e-03
3.410441000000000167e-03
3.208013000000000010e-03
3.651451000000000002e-03
3.955647999999999977e-03
3.249025999999999911e-03
3.973057000000000324e-03
3.982257000000000331e-03
3.453945999999999839e-03
3.448956999999999891e-03
3.997503999999999814e-03
3.901232000000000137e-03
3.360778000000000029e-03
3.063878999999999821e-03
4.052250999999999770e-03
3.879108000000000035e-03
3.081832000000000061e-03
3.965083000000000323e-03
3.220731000000000115e-03
3.614209000000000171e-03
3.281682000000000175e-03
3.946759000000000205e-03
3.822022999999999913e-03
4.018461000000000082e-03
3.368856999999999841e-03
3.513100999999999811e-03
3.424573000000000200e-03
3.634551000000000188e-03
3.911737999999999674e-03
3.560872000000000082e-03
3.005671000000000124e-03
3.204350999999999814e-03
3.629260999999999945e-03
3.715787999999999817e-03
4.122256999999999831e-03
3.123226000000000214e-03
3.294753000000000091e-03
3.228163999999999947e-03
3.981705000000000313e-03
3.657576999999999964e-03
3.296008000000000011e-03
3.359123999999999791e-03
3.204751000000000041e-03
3.166972000000000103e-03
3.350020999999999902e-03
4.042475000000000235e-03
3.951599000000000084e-03
3.695506999999999785e-03
3.126292000000000133e-03
3.160848999999999864e-03
3.286233999999999857e-03
3.259716000000000176e-03
3.613379999999999804e-03
3.990269000000000281e-03
3.047054999999999902e-03
3.293070999999999846e-03
3.622606000000000003e-03
3.340332000000000110e-03
3.945706000000000213e-03
3.211383999999999853e-03
3.753278999999999990e-03
3.972040999999999940e-03
3.080695999999999955e-03
3.837862000000000044e-03
3.358742999999999972e-03
4.041087999999999972e-03
3.397458999999999809e-03
3.730401999999999850e-03
3.326242999999999995e-03
3.534418000000000108e-03
3.399138999999999806e-03
3.988603000000000287e-03
4.282885000000000164e-03
3.980118000000000371e-03
3.686856000000000074e-03
3.923448999999999860e-03
3.310726999999999854e-03
3.182294999999999915e-03
3.351260999999999910e-03
3.915789000000000249e-03
3.212154999999999958e-03
3.304168000000000122e-03
3.960530000000000300e-03
3.151562000000000113e-03
3.058655999999999875e-03
3.945988999999999573e-03
3.395050000000000151e-03
2.931232000000000195e-03
3.567746000000000112e-03
4.001362999999999968e-03
3.428580000000000082e-03
3.508296000000000157e-03
3.251949000000000072e-03
3.961270999999999716e-03
3.952894000000000199e-03
3.590390000000000161e-03
3.296953000000000036e-03
3.896856000000000191e-03
3.549927000000000030e-03
3.033469999999999916e-03
3.333496999999999936e-03
3.307958000000000166e-03
3.974575999999999630e-03
3.915306000000000342e-03
4.152590999999999748e-03
3.252339999999999832e-03
3.465732000000000014e-03
3.634374000000000111e-03
3.909934999999999800e-03
3.979253999999999777e-03
3.981359999999999760e-03
3.450517000000000167e-03
3.068150999999999864e-03
3.943211999999999759e-03
3.612750000000000076e-03
4.028577000000000199e-03
3.421898999999999948e-03
3.554219999999999862e-03
3.450749999999999824e-03
3.519873000000000186e-03
3.276400000000000059e-03
3.740670000000000193e-03
3.245399999999999847e-03
3.393011999999999938e-03
3.988583999999999880e-03
3.962102999999999806e-03
3.713398000000000133e-03
3.941672999999999705e-03
3.141750000000000011e-03
3.087172999999999914e-03
3.508254000000000147e-03
3.898856999999999930e-03
3.181241999999999924e-03
3.323492999999999847e-03
3.940337999999999827e-03
3.222130000000000133e-03
4.086616999999999854e-03
3.955949999999999744e-03
3.212949000000000100e-03
3.149799000000000002e-03
3.319785999999999918e-03
3.491371999999999965e-03
3.251037999999999931e-03
4.000761999999999721e-03
3.266553000000000165e-03
2.947185000000000169e-03
3.948987999999999630e-03
3.337782999999999983e-03
3.341915999999999897e-03
3.258499000000000204e-03
3.321839000000000042e-03
3.965324999999999579e-03
3.274890999999999826e-03
3.961260000000000302e-03
3.914382000000000104e-03
3.613340000000000041e-03
3.487704999999999798e-03
3.611408999999999887e-03
3.923740000000000214e-03
3.922212999999999915e-03
3.930371000000000212e-03
3.200464999999999994e-03
3.235506999999999880e-03
3.395265000000000175e-03
3.979673000000000412e-03
3.149254000000000202e-03
3.894373000000000019e-03
3.953634999999999615e-03
4.024111000000000354e-03
3.974660999999999993e-03
3.947807999999999699e-03
3.298886999999999913e-03
4.104146000000000356e-03
4.020372000000000355e-03
4.026220999999999967e-03
3.607636000000000003e-03
3.311117000000000140e-03
3.379537000000000166e-03
3.537751000000000003e-03
3.173285999999999989e-03
3.194666999999999993e-03
4.001524000000000227e-03
3.611126000000000093e-03
3.958205000000000230e-03
3.416377999999999863e-03
3.224143000000000061e-03
3.139090000000000196e-03
3.694467999999999797e-03
3.959410000000000013e-03
3.999675999999999752e-03
3.925894000000000085e-03
3.532950999999999887e-03
3.736976999999999834e-03
3.990605999999999841e-03
3.932544999999999964e-03
3.490491000000000080e-03
3.971881000000000023e-03
3.473682999999999979e-03
3.351522000000000008e-03
3.331772000000000206e-03
3.389126000000000118e-03
3.165845000000000031e-03
4.002542000000000426e-03
4.046641999999999600e-03
3.951289999999999664e-03
3.897719999999999917e-03
4.001152000000000007e-03
2.957828000000000020e-03
3.047479000000000073e-03
3.372281999999999884e-03
4.020066000000000091e-03
3.912109999999999893e-03
3.263031999999999912e-03
3.343425000000000129e-03
3.238060000000000070e-03
3.697187000000000216e-03
3.618801000000000049e-03
3.207175000000000043e-03
3.396576000000000109e-03
3.653948000000000178e-03
3.978953000000000351e-03
3.973606000000000187e-03
3.210568999999999923e-03
3.947693000000000382e-03
3.888227000000000176e-03
3.565851999999999997e-03
3.538148999999999982e-03
3.936766999999999871e-03
3.930376999999999656e-03
3.984378000000000225e-03
3.942794000000000333e-03
4.023953000000000252e-03
3.534620000000000036e-03
3.575028000000000060e-03
3.938187000000000111e-03
4.032878000000000157e-03
3.941181999999999672e-03
3.545420999999999989e-03
4.128734000000000223e-03
3.943358000000000106e-03
3.009837999999999923e-03
3.340889000000000098e-03
3.341395999999999950e-03
3.923682000000000385e-03
3.349508000000000173e-03
4.103279999999999948e-03
3.920200999999999894e-03
3.037081000000000069e-03
3.992536999999999996e-03
3.930399999999999693e-03
3.962120999999999872e-03
3.365805999999999833e-03
3.357814000000000198e-03
3.907622000000000352e-03
3.985042000000000272e-03
3.541368999999999941e-03
3.282618000000000168e-03
3.965464000000000142e-03
3.612924999999999904e-03
3.852617999999999928e-03
3.955437000000000015e-03
3.488167999999999824e-03
3.976160000000000284e-03
3.357887999999999845e-03
4.031644000000000026e-03
3.921593000000000127e-03
3.368522000000000096e-03
3.930976000000000088e-03
3.391145999999999831e-03
3.415374000000000101e-03
4.018803999999999953e-03
3.290293000000000124e-03
3.693535999999999868e-03
3.049763000000000040e-03
3.308143999999999842e-03
3.958500000000000213e-03
3.973499999999999602e-03
4.020649000000000271e-03
3.113812999999999998e-03
3.418875999999999946e-03
3.258664999999999999e-03
3.161904000000000103e-03
3.983332000000000019e-03
3.992197999999999754e-03
3.566006000000000037e-03
3.919058999999999911e-03
3.735098999999999971e-03
3.948799999999999706e-03
4.148368000000000368e-03
3.968145000000000179e-03
3.789250999999999991e-03
3.858451000000000155e-03
3.998151999999999609e-03
3.718028999999999865e-03
3.975428999999999942e-03
3.354878999999999847e-03
3.500554999999999813e-03
3.119321999999999893e-03
3.114446999999999788e-03
2.993987000000000037e-03
3.395986000000000143e-03
3.189412999999999884e-03
3.419465000000000005e-03
3.433822999999999910e-03
3.179981000000000127e-03
3.648095000000000070e-03
3.340208999999999800e-03
3.674226000000000054e-03
3.412496000000000106e-03
4.006403000000000394e-03
3.971516999999999929e-03
3.933485999999999927e-03
3.970890999999999831e-03
3.956325000000000119e-03
3.972645999999999816e-03
3.365328999999999803e-03
3.080012999999999935e-03
3.975025000000000086e-03
3.381377999999999988e-03
3.956931000000000337e-03
3.725729000000000107e-03
3.940659000000000002e-03
3.586302999999999887e-03
3.403994999999999937e-03
3.986446000000000260e-03
3.642050999999999882e-03
3.338408000000000174e-03
3.709842999999999995e-03
3.444669000000000030e-03
3.540199999999999857e-03
3.437841000000000074e-03
4.021648000000000063e-03
3.313852999999999851e-03
3.896815000000000088e-03
3.115652000000000005e-03
3.282087999999999846e-03
3.380867999999999981e-03
3.372463999999999931e-03
3.577682999999999905e-03
3.116596000000000123e-03
3.488774999999999949e-03
3.190664000000000174e-03
3.125095999999999950e-03
3.189943000000000205e-03
3.945890999999999982e-03
3.346365999999999924e-03
3.519889999999999911e-03
3.734337999999999807e-03
3.174563999999999945e-03
3.363811999999999879e-03
3.300581999999999822e-03
3.959157999999999948e-03
3.205397000000000021e-03
3.240621999999999860e-03
3.500200000000000186e-03
3.284275000000000128e-03
3.647678000000000118e-03
3.270264000000000157e-03
2.947575000000000021e-03
3.356720000000000103e-03
3.978793999999999907e-03
3.653683000000000018e-03
3.932422999999999995e-03
3.639077000000000110e-03
3.968252999999999711e-03
3.924854000000000190e-03
3.351288999999999917e-03
3.950943000000000163e-03
3.264297000000000205e-03
3.413681000000000007e-03
3.307444000000000096e-03
3.973418999999999736e-03
4.052690000000000285e-03
3.948962000000000305e-03
3.522360999999999895e-03
3.966782999999999768e-03
3.945884000000000197e-03
3.269614000000000114e-03
3.983572000000000328e-03
3.446048000000000167e-03
3.403704000000000018e-03
3.554446000000000168e-03
3.303622999999999890e-03
3.239905999999999862e-03
3.030638999999999902e-03
3.062214000000000168e-03
4.049574999999999703e-03
3.985630000000000422e-03
3.503473000000000004e-03
3.161349999999999837e-03
3.982687000000000380e-03
3.988313000000000275e-03
3.162040000000000076e-03
3.417920999999999980e-03
3.300215999999999913e-03
3.017718999999999870e-03
3.047836999999999855e-03
3.090357000000000173e-03
3.225182000000000049e-03
4.023198999999999873e-03
3.232886999999999827e-03
4.065667000000000239e-03
