Relative L2 error0.06759155291627318
r2 socre0.4272642218109953
Exact[[23.59  ]
 [29.0747]
 [26.14  ]
 [27.8161]
 [30.3172]
 [26.5041]
 [25.4043]
 [29.11  ]
 [24.28  ]
 [27.7186]
 [31.0396]
 [28.8246]
 [25.66  ]
 [29.6   ]
 [25.4395]
 [27.759 ]
 [26.68  ]
 [25.7   ]
 [22.0351]
 [26.9236]
 [28.3551]]
Predict[[25.064865]
 [31.903053]
 [25.351463]
 [26.776821]
 [29.844429]
 [27.024796]
 [25.971039]
 [30.218292]
 [25.02752 ]
 [25.51873 ]
 [29.968056]
 [30.550407]
 [24.931313]
 [25.238922]
 [25.585697]
 [25.10736 ]
 [26.69897 ]
 [26.269165]
 [24.40776 ]
 [26.424957]
 [30.002953]]
std[5.585076  4.8881187 5.6890497 4.3212166 5.3468695 4.368028  5.0112185
 5.4963346 5.8684564 4.4866276 5.2993903 5.5300756 5.8324666 5.558861
 5.5550237 5.419535  5.52028   5.684382  4.0164304 4.4340835 4.976968 ]
