Relative L2 error0.195730097614392
r2 socre0.512397331476778
Exact[[23.59  ]
 [29.0747]
 [26.14  ]
 [27.8161]
 [30.3172]
 [26.5041]
 [25.4043]
 [29.11  ]
 [24.28  ]
 [27.7186]
 [31.0396]
 [28.8246]
 [25.66  ]
 [29.6   ]
 [25.4395]
 [27.759 ]
 [26.68  ]
 [25.7   ]
 [22.0351]
 [26.9236]
 [28.3551]]
Predict[[25.824228]
 [30.446856]
 [26.6699  ]
 [26.021715]
 [30.61629 ]
 [26.368822]
 [25.081072]
 [30.334398]
 [23.389746]
 [25.219378]
 [30.073702]
 [30.640505]
 [23.400736]
 [27.978258]
 [24.88695 ]
 [25.53052 ]
 [28.834948]
 [27.034853]
 [23.120714]
 [25.897142]
 [30.631487]]
std[1.0568911  0.6298897  1.0557877  0.2579348  0.9707806  0.32108355
 0.13793147 0.86283517 1.3385273  0.2953974  0.3498634  0.81574917
 0.72331226 0.86609876 0.5033641  0.29329634 0.75764155 1.1699519
 0.41417348 0.11031759 0.72044504]
