Relative L2 error0.2376009283739628
r2 socre0.16040196007574636
Exact[[23.59  ]
 [29.0747]
 [26.14  ]
 [27.8161]
 [30.3172]
 [26.5041]
 [25.4043]
 [29.11  ]
 [24.28  ]
 [27.7186]
 [31.0396]
 [28.8246]
 [25.66  ]
 [29.6   ]
 [25.4395]
 [27.759 ]
 [26.68  ]
 [25.7   ]
 [22.0351]
 [26.9236]
 [28.3551]]
Predict[[27.62518 ]
 [28.674892]
 [27.922848]
 [25.56274 ]
 [30.363796]
 [25.316433]
 [24.426174]
 [29.098309]
 [27.115246]
 [23.863277]
 [30.23788 ]
 [30.088894]
 [25.198208]
 [29.02734 ]
 [24.327633]
 [24.826534]
 [30.623745]
 [25.68121 ]
 [22.99052 ]
 [24.869778]
 [30.135006]]
std[0.76564205 0.4976511  0.5682491  0.19027281 0.6692656  0.25877523
 0.12882316 0.57295847 0.7311083  0.22186208 0.31623912 0.4915359
 0.45446694 0.55284035 0.3102497  0.21547449 0.7198907  0.7003876
 0.28933358 0.09973896 0.46850312]
