Relative L2 error0.15492218238631777
r2 socre-1.3326781568759252
Exact[[23.59  ]
 [29.0747]
 [26.14  ]
 [27.8161]
 [30.3172]
 [26.5041]
 [25.4043]
 [29.11  ]
 [24.28  ]
 [27.7186]
 [31.0396]
 [28.8246]
 [25.66  ]
 [29.6   ]
 [25.4395]
 [27.759 ]
 [26.68  ]
 [25.7   ]
 [22.0351]
 [26.9236]
 [28.3551]]
Predict[[29.923462]
 [27.419434]
 [27.236572]
 [24.376831]
 [28.083008]
 [24.907837]
 [24.045166]
 [29.428345]
 [35.125854]
 [24.897705]
 [28.880615]
 [30.946411]
 [23.822021]
 [30.134888]
 [24.351318]
 [24.30017 ]
 [25.749878]
 [28.003662]
 [25.026611]
 [25.046265]
 [26.215332]]
std[0.13665617 0.04033613 0.10160482 0.05089867 0.06217158 0.02345264
 0.0090822  0.04097903 0.11349964 0.01748836 0.02645373 0.06173778
 0.03467381 0.09055853 0.01691115 0.01343572 0.03823245 0.11034787
 0.01424932 0.01528239 0.0432812 ]
