Relative L2 error0.08547719075765536
r2 socre-0.09745595954705033
Exact[[23.59  ]
 [29.0747]
 [26.14  ]
 [27.8161]
 [30.3172]
 [26.5041]
 [25.4043]
 [29.11  ]
 [24.28  ]
 [27.7186]
 [31.0396]
 [28.8246]
 [25.66  ]
 [29.6   ]
 [25.4395]
 [27.759 ]
 [26.68  ]
 [25.7   ]
 [22.0351]
 [26.9236]
 [28.3551]]
Predict[[25.499771]
 [28.185501]
 [29.82576 ]
 [25.344925]
 [30.423935]
 [25.646133]
 [25.084854]
 [29.865646]
 [31.08226 ]
 [24.68898 ]
 [28.87532 ]
 [30.513138]
 [25.050858]
 [27.791397]
 [25.104446]
 [23.852615]
 [26.653519]
 [26.655746]
 [23.219742]
 [25.397354]
 [29.24562 ]]
std[0.4640708  0.21839309 0.390679   0.09224713 0.5139024  0.14697254
 0.08084226 0.37101436 0.53342605 0.09839952 0.15790844 0.3370179
 0.34002137 0.4093721  0.16687739 0.1415019  0.28531802 0.6510941
 0.18748724 0.04882383 0.25488508]
