Relative L2 error0.11163366044992105
r2 socre-0.7190435254752943
Exact[[23.59  ]
 [29.0747]
 [26.14  ]
 [27.8161]
 [30.3172]
 [26.5041]
 [25.4043]
 [29.11  ]
 [24.28  ]
 [27.7186]
 [31.0396]
 [28.8246]
 [25.66  ]
 [29.6   ]
 [25.4395]
 [27.759 ]
 [26.68  ]
 [25.7   ]
 [22.0351]
 [26.9236]
 [28.3551]]
Predict[[26.827784]
 [29.253199]
 [28.39892 ]
 [23.337885]
 [29.262568]
 [24.155634]
 [23.18078 ]
 [29.043695]
 [28.90359 ]
 [23.42544 ]
 [33.337948]
 [31.387476]
 [24.539362]
 [29.052301]
 [22.656336]
 [23.667109]
 [32.32922 ]
 [26.763239]
 [21.68371 ]
 [24.63    ]
 [32.04333 ]]
std[0.6094254  0.38334894 0.625039   0.28401566 0.55639124 0.2896278
 0.2077744  0.72083807 0.7254019  0.24137735 0.43020475 0.44674718
 0.45226252 0.63331187 0.2753744  0.27833724 0.7427716  0.65218675
 0.29287803 0.18457174 0.4454161 ]
