Relative L2 error0.2111350191339043
r2 socre0.2836009079984123
Exact[[23.59  ]
 [29.0747]
 [26.14  ]
 [27.8161]
 [30.3172]
 [26.5041]
 [25.4043]
 [29.11  ]
 [24.28  ]
 [27.7186]
 [31.0396]
 [28.8246]
 [25.66  ]
 [29.6   ]
 [25.4395]
 [27.759 ]
 [26.68  ]
 [25.7   ]
 [22.0351]
 [26.9236]
 [28.3551]]
Predict[[26.451359]
 [29.314228]
 [25.378635]
 [25.18903 ]
 [30.683445]
 [26.046314]
 [24.16872 ]
 [29.021748]
 [27.761219]
 [25.369297]
 [29.006046]
 [30.385624]
 [26.06461 ]
 [26.474476]
 [25.13776 ]
 [25.69524 ]
 [29.039753]
 [26.541096]
 [24.214909]
 [25.571995]
 [30.547276]]
std[0.6884514  0.4843583  0.6306033  0.18154645 0.6585276  0.25073647
 0.3406682  0.4972037  0.8419775  0.22684622 0.3003081  0.5517094
 0.62343085 0.70030785 0.21970856 0.21429741 0.7343447  0.70837486
 0.24462557 0.13402069 0.49038887]
