Relative L2 error0.2163827513582589
r2 socre0.40567817000168727
Exact[[23.59  ]
 [29.0747]
 [26.14  ]
 [27.8161]
 [30.3172]
 [26.5041]
 [25.4043]
 [29.11  ]
 [24.28  ]
 [27.7186]
 [31.0396]
 [28.8246]
 [25.66  ]
 [29.6   ]
 [25.4395]
 [27.759 ]
 [26.68  ]
 [25.7   ]
 [22.0351]
 [26.9236]
 [28.3551]]
Predict[[25.993206]
 [29.711956]
 [27.980923]
 [25.761654]
 [29.307278]
 [25.7019  ]
 [24.3251  ]
 [28.65878 ]
 [27.899288]
 [24.904781]
 [30.01846 ]
 [29.558681]
 [25.490505]
 [29.739925]
 [24.38873 ]
 [24.858181]
 [28.881863]
 [25.123425]
 [23.474545]
 [25.85284 ]
 [30.304653]]
std[0.7285358  0.55873024 0.59397006 0.13029885 0.5879924  0.24037969
 0.17637181 0.6376679  0.52486503 0.22080708 0.3242874  0.48455012
 0.48672152 0.6341536  0.27497482 0.26031828 0.6278006  0.6174183
 0.28073275 0.14058709 0.60079813]
