Relative L2 error0.0710805002494475
r2 socre0.6033676388141995
Exact[[23.59  ]
 [29.0747]
 [26.14  ]
 [27.8161]
 [30.3172]
 [26.5041]
 [25.4043]
 [29.11  ]
 [24.28  ]
 [27.7186]
 [31.0396]
 [28.8246]
 [25.66  ]
 [29.6   ]
 [25.4395]
 [27.759 ]
 [26.68  ]
 [25.7   ]
 [22.0351]
 [26.9236]
 [28.3551]]
Predict[[25.731226]
 [30.617952]
 [26.116732]
 [26.12897 ]
 [29.393898]
 [26.698534]
 [25.64268 ]
 [29.048876]
 [26.539572]
 [25.546047]
 [30.620749]
 [30.142488]
 [26.430254]
 [27.58906 ]
 [25.586382]
 [24.655302]
 [26.18239 ]
 [26.185465]
 [23.47259 ]
 [26.29611 ]
 [29.402983]]
std[5.5072317 4.6204395 5.7919235 4.644157  5.660199  4.8677263 4.9029045
 5.4086537 5.66519   5.237224  5.61924   5.2965994 5.756286  5.154597
 4.8970428 5.381937  5.603432  5.5507264 4.643667  4.4298277 4.8732834]
