Relative L2 error0.06501457011974768
r2 socre0.488259365731442
Exact[[23.59  ]
 [29.0747]
 [26.14  ]
 [27.8161]
 [30.3172]
 [26.5041]
 [25.4043]
 [29.11  ]
 [24.28  ]
 [27.7186]
 [31.0396]
 [28.8246]
 [25.66  ]
 [29.6   ]
 [25.4395]
 [27.759 ]
 [26.68  ]
 [25.7   ]
 [22.0351]
 [26.9236]
 [28.3551]]
Predict[[23.828817]
 [30.868986]
 [24.823755]
 [26.841856]
 [29.357199]
 [27.06059 ]
 [25.723127]
 [30.025038]
 [26.334192]
 [26.036573]
 [31.078283]
 [30.547798]
 [27.626692]
 [26.992819]
 [25.600134]
 [25.2125  ]
 [23.915922]
 [25.040281]
 [24.116117]
 [26.368193]
 [30.511007]]
std[5.97407   5.0229096 6.0098376 4.712538  5.8989267 4.9217076 5.3081913
 5.648471  5.969729  5.6681614 5.756712  5.744371  6.0182457 5.6870303
 5.5397716 5.362961  6.0498915 5.7472563 5.515423  5.574306  4.547007 ]
