Relative L2 error0.0795192971499623
r2 socre0.35732704614072575
Exact[[23.59  ]
 [29.0747]
 [26.14  ]
 [27.8161]
 [30.3172]
 [26.5041]
 [25.4043]
 [29.11  ]
 [24.28  ]
 [27.7186]
 [31.0396]
 [28.8246]
 [25.66  ]
 [29.6   ]
 [25.4395]
 [27.759 ]
 [26.68  ]
 [25.7   ]
 [22.0351]
 [26.9236]
 [28.3551]]
Predict[[25.597363]
 [30.818012]
 [28.673794]
 [26.3513  ]
 [29.317326]
 [26.46362 ]
 [25.74519 ]
 [29.56932 ]
 [23.93789 ]
 [25.280552]
 [30.31488 ]
 [30.012255]
 [25.293015]
 [25.409466]
 [25.33569 ]
 [25.107716]
 [26.35994 ]
 [29.153423]
 [23.67989 ]
 [26.102993]
 [29.386623]]
std[5.2367363 4.5064383 5.358424  3.7910852 5.177159  3.9606514 4.4302173
 5.2693677 5.6154637 4.2880764 5.325704  5.161228  5.5154824 5.142656
 4.834802  4.3030357 5.4244585 5.2708755 3.8133032 4.2354383 4.777067 ]
