Relative L2 error0.026403614111572035
r2 socre0.895283920508523
Exact[[23.59  ]
 [29.0747]
 [26.14  ]
 [27.8161]
 [30.3172]
 [26.5041]
 [25.4043]
 [29.11  ]
 [24.28  ]
 [27.7186]
 [31.0396]
 [28.8246]
 [25.66  ]
 [29.6   ]
 [25.4395]
 [27.759 ]
 [26.68  ]
 [25.7   ]
 [22.0351]
 [26.9236]
 [28.3551]]
Predict[[23.82777 ]
 [28.686169]
 [25.540356]
 [27.138683]
 [29.898144]
 [25.961742]
 [25.450756]
 [29.925488]
 [23.207897]
 [26.566051]
 [29.290966]
 [27.973034]
 [25.43385 ]
 [30.11784 ]
 [24.93568 ]
 [27.157543]
 [25.852459]
 [25.564465]
 [21.712353]
 [26.148205]
 [28.473522]]
std[0.98109347 0.3070283  0.5038767  0.22292376 0.5178801  0.25985146
 0.18250299 0.5649198  0.81275344 0.4710629  0.26311278 0.2843752
 0.5461848  0.763347   0.23822129 0.45790207 0.7044312  0.716993
 0.2923138  0.18133903 0.35001206]
