Relative L2 error0.18739303532716958
r2 socre0.3652329559207327
Exact[[23.59  ]
 [29.0747]
 [26.14  ]
 [27.8161]
 [30.3172]
 [26.5041]
 [25.4043]
 [29.11  ]
 [24.28  ]
 [27.7186]
 [31.0396]
 [28.8246]
 [25.66  ]
 [29.6   ]
 [25.4395]
 [27.759 ]
 [26.68  ]
 [25.7   ]
 [22.0351]
 [26.9236]
 [28.3551]]
Predict[[25.54787 ]
 [28.864933]
 [27.802113]
 [25.644901]
 [31.378223]
 [25.732197]
 [25.092243]
 [28.540226]
 [28.106617]
 [24.579945]
 [29.512867]
 [30.128727]
 [27.0237  ]
 [27.81049 ]
 [25.054554]
 [25.828892]
 [25.044834]
 [25.502262]
 [24.52219 ]
 [25.819233]
 [30.422825]]
std[0.41380847 0.3895495  0.490443   0.26587963 0.50641966 0.17844903
 0.2124008  0.51855123 0.67934585 0.23173237 0.23910403 0.44536316
 0.4478737  0.40393722 0.17183602 0.13627589 0.65068614 0.5210439
 0.07287836 0.18384159 0.41788542]
