Relative L2 error0.11461221135483848
r2 socre-0.8403142213825232
Exact[[23.59  ]
 [29.0747]
 [26.14  ]
 [27.8161]
 [30.3172]
 [26.5041]
 [25.4043]
 [29.11  ]
 [24.28  ]
 [27.7186]
 [31.0396]
 [28.8246]
 [25.66  ]
 [29.6   ]
 [25.4395]
 [27.759 ]
 [26.68  ]
 [25.7   ]
 [22.0351]
 [26.9236]
 [28.3551]]
Predict[[27.373106]
 [29.278135]
 [27.598326]
 [25.132994]
 [28.167906]
 [25.253965]
 [24.71356 ]
 [24.35443 ]
 [29.745054]
 [25.886778]
 [28.137999]
 [29.012266]
 [32.949398]
 [26.773497]
 [25.179258]
 [25.064024]
 [29.898375]
 [26.219908]
 [25.223204]
 [25.1369  ]
 [26.80609 ]]
std[0.01972151 0.03242207 0.06103742 0.00443411 0.0141927  0.00433159
 0.00452018 0.01334918 0.03338242 0.00784945 0.00712097 0.02135205
 0.05284917 0.00790632 0.00443089 0.00503182 0.02877009 0.0294354
 0.0048883  0.00512934 0.00981224]
