Relative L2 error0.1053482815802775
r2 socre-0.02885709677323134
Exact[[23.59  ]
 [29.0747]
 [26.14  ]
 [27.8161]
 [30.3172]
 [26.5041]
 [25.4043]
 [29.11  ]
 [24.28  ]
 [27.7186]
 [31.0396]
 [28.8246]
 [25.66  ]
 [29.6   ]
 [25.4395]
 [27.759 ]
 [26.68  ]
 [25.7   ]
 [22.0351]
 [26.9236]
 [28.3551]]
Predict[[26.105732]
 [27.26479 ]
 [31.507832]
 [25.329731]
 [30.160603]
 [24.37923 ]
 [25.4529  ]
 [29.91048 ]
 [26.879108]
 [23.703999]
 [27.969563]
 [28.960835]
 [26.374897]
 [29.17928 ]
 [25.03841 ]
 [24.416584]
 [28.373005]
 [27.364094]
 [24.373676]
 [26.293964]
 [28.907795]]
std[0.1395359  0.07368827 0.19484997 0.08900821 0.20704734 0.07009113
 0.05809629 0.134853   0.14917934 0.07911658 0.07488954 0.07194555
 0.06581151 0.20163739 0.07062197 0.08069277 0.07300699 0.17171979
 0.11813188 0.01600003 0.07000303]
