Relative L2 error0.20636394937943223
r2 socre-0.1926074107449982
Exact[[23.59  ]
 [29.0747]
 [26.14  ]
 [27.8161]
 [30.3172]
 [26.5041]
 [25.4043]
 [29.11  ]
 [24.28  ]
 [27.7186]
 [31.0396]
 [28.8246]
 [25.66  ]
 [29.6   ]
 [25.4395]
 [27.759 ]
 [26.68  ]
 [25.7   ]
 [22.0351]
 [26.9236]
 [28.3551]]
Predict[[25.5629  ]
 [26.976887]
 [28.670399]
 [24.834126]
 [26.43578 ]
 [25.813587]
 [24.7159  ]
 [30.906635]
 [30.982716]
 [24.994617]
 [29.880909]
 [28.07854 ]
 [27.972858]
 [30.435947]
 [24.79607 ]
 [25.51006 ]
 [27.499256]
 [27.784779]
 [24.022175]
 [25.686634]
 [26.433826]]
std[0.3892473  0.11119068 0.16119933 0.12793875 0.14356196 0.07257867
 0.05749369 0.27681637 0.35211825 0.08267021 0.1584667  0.16310906
 0.24826527 0.32519627 0.10385442 0.08072793 0.19622266 0.18768394
 0.05305099 0.05255151 0.13111615]
